booking_id,user_id,booking_date,booking_value,hotel_category
1,38,2026-08-20,5838,Budget
2,47,2026-08-31,4849,Budget
3,50,2026-08-21,7117,Budget
4,55,2026-08-03,2062,Budget
5,82,2026-08-03,9372,Standard
6,84,2026-08-19,10203,Luxury
7,95,2026-08-24,11719,Standard
8,108,2026-08-15,4033,Budget
9,112,2026-09-01,2095,Budget
10,137,2026-08-14,14257,Budget
11,188,2026-08-27,9737,Budget
12,202,2026-08-15,2140,Budget
13,215,2026-08-15,4559,Premium
14,235,2026-08-02,11153,Standard
15,236,2026-08-26,5810,Budget
16,242,2026-08-12,11484,Standard
17,260,2026-08-11,6669,Standard
18,275,2026-08-25,11948,Premium
19,325,2026-08-05,14507,Standard
20,359,2026-08-15,10531,Budget
21,363,2026-08-26,8230,Standard
22,371,2026-08-23,12425,Standard
23,374,2026-08-28,8528,Premium
24,376,2026-08-26,11279,Luxury
25,380,2026-08-09,2303,Budget
26,397,2026-08-24,5342,Budget
27,411,2026-08-10,13977,Budget
28,420,2026-08-25,8151,Standard
29,426,2026-08-06,14863,Luxury
30,430,2026-08-11,14976,Budget
31,445,2026-08-07,14098,Premium
32,456,2026-08-06,8027,Budget
33,463,2026-08-16,7655,Budget
34,487,2026-08-05,10715,Standard
35,490,2026-08-03,4362,Premium
36,530,2026-08-22,7693,Standard
37,555,2026-08-08,13941,Budget
38,576,2026-08-29,14766,Standard
39,583,2026-09-01,9464,Standard
40,595,2026-08-25,6831,Standard
41,608,2026-08-24,2489,Standard
42,612,2026-08-20,8389,Standard
43,619,2026-08-29,3435,Budget
44,695,2026-08-19,4072,Standard
45,773,2026-08-05,11080,Standard
46,779,2026-08-24,10603,Standard
47,786,2026-08-15,7814,Standard
48,801,2026-08-15,10060,Standard
49,826,2026-08-16,6922,Premium
50,849,2026-08-05,9139,Premium
51,863,2026-08-04,11202,Budget
52,947,2026-08-09,9926,Standard
53,961,2026-08-26,11940,Premium
54,982,2026-08-02,2120,Premium
55,986,2026-08-08,14182,Premium
56,990,2026-08-05,14332,Standard
57,1006,2026-08-03,12458,Budget
58,1013,2026-08-18,13937,Budget
59,1030,2026-08-12,14196,Standard
60,1031,2026-08-07,12640,Premium
61,1032,2026-09-02,7494,Premium
62,1045,2026-08-14,12790,Premium
63,1068,2026-08-25,7771,Standard
64,1077,2026-08-17,12978,Standard
65,1102,2026-08-18,13363,Standard
66,1104,2026-08-07,11333,Budget
67,1109,2026-08-06,7349,Luxury
68,1195,2026-08-30,6795,Standard
69,1212,2026-08-07,11882,Standard
70,1214,2026-08-15,2801,Budget
71,1220,2026-08-04,4749,Standard
72,1223,2026-08-11,11726,Budget
73,1235,2026-08-27,9464,Budget
74,1254,2026-08-31,11024,Standard
75,1262,2026-08-08,6751,Standard
76,1275,2026-09-02,9606,Standard
77,1280,2026-08-26,13282,Standard
78,1285,2026-08-27,4509,Budget
79,1294,2026-08-22,2424,Premium
80,1307,2026-08-12,7590,Premium
81,1323,2026-08-10,9455,Budget
82,1338,2026-08-18,12887,Budget
83,1349,2026-08-02,5722,Budget
84,1372,2026-08-27,2438,Budget
85,1397,2026-08-05,5090,Standard
86,1420,2026-08-29,9365,Budget
87,1421,2026-08-08,11651,Standard
88,1507,2026-08-24,13414,Standard
89,1511,2026-08-09,12613,Budget
90,1558,2026-08-16,4269,Premium
91,1560,2026-08-20,9648,Budget
92,1567,2026-08-24,6034,Budget
93,1570,2026-08-18,2603,Standard
94,1577,2026-08-22,14582,Luxury
95,1595,2026-08-25,14373,Budget
96,1602,2026-09-01,13234,Standard
97,1622,2026-08-07,10661,Standard
98,1625,2026-08-02,5003,Standard
99,1629,2026-08-10,12125,Budget
100,1649,2026-08-27,7746,Premium
101,1666,2026-08-28,5915,Standard
102,1680,2026-08-18,2603,Luxury
103,1681,2026-08-09,11926,Standard
104,1693,2026-08-30,12122,Budget
105,1708,2026-08-08,11351,Budget
106,1731,2026-08-20,9084,Premium
107,1740,2026-08-10,8849,Budget
108,1752,2026-08-08,8337,Standard
109,1759,2026-08-12,14673,Standard
110,1813,2026-08-06,13981,Standard
111,1838,2026-08-12,7476,Premium
112,1841,2026-08-22,7753,Standard
113,1868,2026-08-28,7977,Budget
114,1893,2026-08-21,5713,Premium
115,1932,2026-08-13,6138,Budget
116,1947,2026-08-24,5750,Premium
117,1992,2026-08-14,5030,Luxury
118,2020,2026-08-10,14560,Standard
119,2022,2026-08-19,9614,Budget
120,2024,2026-08-26,8170,Premium
121,2049,2026-08-23,2600,Standard
122,2072,2026-08-19,5151,Standard
123,2131,2026-08-08,12162,Premium
124,2156,2026-08-09,5644,Budget
125,2158,2026-08-22,10778,Premium
126,2174,2026-08-29,14166,Budget
127,2212,2026-08-18,5024,Standard
128,2278,2026-08-17,7809,Budget
129,2311,2026-08-28,6515,Standard
130,2316,2026-09-01,12904,Premium
131,2323,2026-08-16,9865,Standard
132,2328,2026-08-31,7293,Standard
133,2330,2026-08-28,3850,Premium
134,2352,2026-08-26,10678,Premium
135,2355,2026-08-10,7700,Standard
136,2357,2026-09-01,8312,Standard
137,2359,2026-08-21,8187,Standard
138,2383,2026-08-09,4607,Budget
139,2392,2026-08-13,3283,Premium
140,2398,2026-08-13,8185,Standard
141,2401,2026-08-16,11668,Budget
142,2411,2026-08-30,8362,Standard
143,2463,2026-08-17,10322,Premium
144,2476,2026-08-24,2326,Budget
145,2487,2026-08-16,6981,Budget
146,2505,2026-08-29,2474,Standard
147,2533,2026-08-18,10823,Standard
148,2535,2026-08-20,6387,Standard
149,2546,2026-08-07,4105,Premium
150,2567,2026-09-03,6153,Budget
151,2574,2026-08-25,5174,Budget
152,2578,2026-08-16,11613,Premium
153,2607,2026-08-15,14409,Standard
154,2610,2026-08-14,7181,Budget
155,2615,2026-08-17,9800,Standard
156,2617,2026-08-30,8723,Standard
157,2620,2026-08-31,6843,Standard
158,2637,2026-08-06,11328,Luxury
159,2655,2026-08-04,8671,Budget
160,2666,2026-08-25,2978,Budget
161,2694,2026-08-09,7343,Standard
162,2714,2026-08-17,12774,Standard
163,2718,2026-08-01,5156,Premium
164,2732,2026-08-20,7152,Premium
165,2749,2026-08-31,6921,Standard
166,2791,2026-08-13,9402,Budget
167,2805,2026-08-10,11916,Premium
168,2816,2026-08-06,8699,Budget
169,2826,2026-08-29,3137,Budget
170,2835,2026-08-07,2653,Budget
171,2873,2026-08-18,12012,Budget
172,2895,2026-08-13,6878,Standard
173,2909,2026-08-08,9958,Budget
174,2930,2026-08-25,10470,Luxury
175,2935,2026-08-11,3619,Standard
176,2949,2026-08-10,12489,Standard
177,2954,2026-08-11,14164,Budget
178,2960,2026-08-19,12128,Premium
179,2967,2026-08-17,3995,Standard
180,2993,2026-08-10,8547,Luxury
181,3000,2026-08-17,3631,Budget
182,3012,2026-08-02,11416,Premium
183,3020,2026-08-10,14067,Standard
184,3046,2026-08-13,3470,Standard
185,3056,2026-08-25,12198,Budget
186,3068,2026-08-31,3173,Standard
187,3089,2026-08-20,12620,Budget
188,3142,2026-08-21,3624,Budget
189,3150,2026-08-16,9293,Budget
190,3177,2026-08-04,10051,Premium
191,3197,2026-08-22,11825,Standard
192,3199,2026-08-10,11488,Budget
193,3209,2026-09-01,3224,Premium
194,3230,2026-08-06,5256,Standard
195,3242,2026-08-24,4225,Premium
196,3325,2026-08-23,6439,Budget
197,3350,2026-08-31,11384,Standard
198,3381,2026-08-09,6838,Standard
199,3411,2026-09-01,10022,Budget
200,3422,2026-08-29,4089,Luxury
201,3463,2026-08-29,14500,Budget
202,3520,2026-08-21,8732,Budget
203,3533,2026-08-22,6990,Budget
204,3535,2026-08-31,12492,Budget
205,3559,2026-08-26,6038,Standard
206,3560,2026-08-13,2625,Luxury
207,3576,2026-08-29,12905,Budget
208,3596,2026-08-07,9801,Budget
209,3605,2026-08-29,5880,Budget
210,3668,2026-08-18,3566,Standard
211,3686,2026-08-17,7568,Premium
212,3712,2026-08-29,11868,Standard
213,3723,2026-09-01,7104,Standard
214,3739,2026-08-04,11724,Standard
215,3771,2026-08-20,3152,Standard
216,3793,2026-08-10,3939,Standard
217,3816,2026-08-05,5831,Budget
218,3840,2026-08-18,14609,Standard
219,3881,2026-08-30,14692,Standard
220,3892,2026-08-22,4830,Premium
221,3900,2026-08-23,2378,Standard
222,3908,2026-08-31,4634,Budget
223,3911,2026-08-04,14844,Budget
224,3919,2026-08-14,5204,Standard
225,3961,2026-08-19,14426,Budget
226,3965,2026-08-30,8913,Premium
227,3966,2026-08-20,12332,Standard
228,3991,2026-08-19,10389,Standard
229,4000,2026-08-07,2347,Standard
230,4003,2026-08-29,3029,Standard
231,4009,2026-08-05,4447,Standard
232,4037,2026-08-13,8739,Standard
233,4054,2026-08-24,14086,Budget
234,4059,2026-08-20,5111,Standard
235,4060,2026-08-18,11907,Budget
236,4072,2026-09-01,3866,Budget
237,4074,2026-08-29,9170,Standard
238,4087,2026-08-08,3649,Standard
239,4116,2026-08-05,7158,Budget
240,4118,2026-08-14,13429,Standard
241,4141,2026-08-15,12554,Budget
242,4151,2026-08-25,14681,Standard
243,4154,2026-08-26,2195,Budget
244,4187,2026-08-25,12608,Standard
245,4199,2026-08-08,5721,Standard
246,4206,2026-09-02,4367,Standard
247,4225,2026-08-07,6795,Standard
248,4226,2026-08-16,8816,Luxury
249,4233,2026-08-31,7033,Standard
250,4249,2026-08-23,5408,Standard
251,4258,2026-08-29,13602,Standard
252,4280,2026-08-02,11041,Standard
253,4297,2026-08-09,6412,Standard
254,4299,2026-08-28,12447,Standard
255,4300,2026-08-09,4240,Standard
256,4303,2026-08-10,3514,Budget
257,4339,2026-09-03,14315,Budget
258,4388,2026-09-01,14978,Standard
259,4391,2026-08-25,12683,Budget
260,4412,2026-08-28,6721,Standard
261,4418,2026-08-30,11018,Standard
262,4436,2026-08-09,4405,Standard
263,4445,2026-08-10,5370,Premium
264,4495,2026-08-28,13529,Standard
265,4501,2026-08-27,5813,Premium
266,4512,2026-08-03,2317,Budget
267,4523,2026-08-15,9281,Budget
268,4581,2026-08-10,13984,Premium
269,4602,2026-08-24,2949,Budget
270,4615,2026-08-13,10175,Luxury
271,4633,2026-09-01,14485,Budget
272,4671,2026-08-26,7500,Standard
273,4682,2026-08-17,14209,Budget
274,4718,2026-08-10,7255,Budget
275,4797,2026-08-06,12153,Standard
276,4806,2026-09-01,4989,Standard
277,4818,2026-08-18,8250,Budget
278,4853,2026-08-27,14744,Premium
279,4863,2026-08-11,12923,Budget
280,4874,2026-08-26,2433,Standard
281,4910,2026-08-09,11046,Luxury
282,4925,2026-08-06,12768,Standard
283,4949,2026-08-26,10284,Premium
284,4961,2026-08-14,13624,Standard
285,4975,2026-08-19,11398,Standard
286,4996,2026-08-15,7843,Budget
287,5023,2026-08-16,5546,Standard
288,5030,2026-08-04,14364,Budget
289,5058,2026-08-05,5157,Luxury
290,5062,2026-08-08,3676,Budget
291,5072,2026-08-29,7409,Budget
292,5113,2026-08-06,2244,Standard
293,5125,2026-08-28,14387,Budget
294,5141,2026-08-29,14085,Premium
295,5159,2026-08-18,14552,Standard
296,5160,2026-08-30,8421,Standard
297,5169,2026-08-28,6409,Standard
298,5174,2026-08-24,11554,Premium
299,5194,2026-08-21,14678,Budget
300,5205,2026-08-03,14744,Premium
301,5208,2026-08-28,2468,Budget
302,5348,2026-08-22,13890,Budget
303,5386,2026-08-19,2582,Standard
304,5409,2026-08-09,13637,Standard
305,5414,2026-08-17,4580,Luxury
306,5415,2026-08-07,9759,Premium
307,5453,2026-08-05,8063,Standard
308,5470,2026-08-31,7135,Budget
309,5489,2026-08-06,9473,Standard
310,5501,2026-08-22,14784,Standard
311,5506,2026-08-19,12225,Premium
312,5518,2026-08-20,9915,Budget
313,5529,2026-08-11,4979,Premium
314,5532,2026-08-06,3188,Budget
315,5556,2026-08-11,10567,Luxury
316,5566,2026-08-24,12125,Standard
317,5576,2026-08-30,10815,Standard
318,5583,2026-08-23,9575,Standard
319,5585,2026-08-18,8436,Budget
320,5586,2026-08-18,5694,Standard
321,5619,2026-08-27,4338,Standard
322,5652,2026-08-10,13803,Standard
323,5656,2026-08-27,9735,Premium
324,5680,2026-08-06,10396,Premium
325,5696,2026-08-29,7788,Standard
326,5698,2026-09-02,14888,Standard
327,5727,2026-08-19,2886,Premium
328,5745,2026-08-27,12586,Standard
329,5774,2026-08-04,13776,Standard
330,5780,2026-08-22,12299,Standard
331,5783,2026-08-15,12187,Budget
332,5800,2026-08-27,13702,Standard
333,5848,2026-08-27,13164,Standard
334,5872,2026-08-24,9392,Standard
335,5891,2026-08-02,10507,Standard
336,5903,2026-08-29,5064,Standard
337,5931,2026-08-07,14097,Standard
338,5945,2026-08-10,14159,Standard
339,5950,2026-08-06,4046,Budget
340,5952,2026-08-30,9262,Premium
341,5993,2026-08-22,11505,Standard
342,6037,2026-08-11,10809,Budget
343,6042,2026-08-18,12214,Budget
344,6049,2026-08-25,10261,Premium
345,6057,2026-08-22,13388,Standard
346,6082,2026-08-29,6889,Standard
347,6113,2026-08-05,14328,Premium
348,6121,2026-08-05,6131,Premium
349,6127,2026-08-31,9229,Standard
350,6132,2026-08-18,10102,Standard
351,6139,2026-08-17,8029,Budget
352,6140,2026-08-10,11691,Standard
353,6149,2026-08-08,8460,Budget
354,6184,2026-08-07,6300,Budget
355,6206,2026-08-08,7400,Standard
356,6212,2026-08-15,11727,Standard
357,6224,2026-08-22,4244,Standard
358,6238,2026-08-08,5472,Budget
359,6252,2026-08-31,6507,Budget
360,6254,2026-08-05,11029,Premium
361,6264,2026-08-28,5671,Standard
362,6286,2026-08-18,14732,Premium
363,6304,2026-08-26,6281,Standard
364,6314,2026-09-01,12269,Budget
365,6320,2026-08-18,14452,Standard
366,6332,2026-08-18,9348,Premium
367,6333,2026-08-31,8174,Standard
368,6345,2026-08-29,10008,Budget
369,6357,2026-08-19,8522,Budget
370,6373,2026-08-09,11336,Standard
371,6405,2026-08-07,8479,Budget
372,6414,2026-08-12,10809,Standard
373,6454,2026-08-12,12772,Standard
374,6462,2026-08-04,13366,Premium
375,6493,2026-08-14,14912,Budget
376,6500,2026-08-27,9015,Budget
377,6503,2026-08-22,10129,Standard
378,6522,2026-08-26,12361,Standard
379,6557,2026-08-08,11618,Budget
380,6561,2026-08-11,12961,Budget
381,6581,2026-08-19,14798,Standard
382,6590,2026-08-27,11836,Budget
383,6593,2026-08-20,7232,Budget
384,6600,2026-08-27,13313,Premium
385,6689,2026-08-26,5485,Budget
386,6706,2026-08-20,9936,Premium
387,6709,2026-08-20,4109,Budget
388,6715,2026-08-09,5589,Premium
389,6724,2026-08-21,6476,Standard
390,6729,2026-08-13,10713,Standard
391,6735,2026-08-06,13028,Budget
392,6778,2026-08-16,5347,Premium
393,6781,2026-08-08,5524,Premium
394,6819,2026-08-07,14104,Budget
395,6822,2026-08-16,14061,Standard
396,6824,2026-08-20,5996,Premium
397,6837,2026-08-18,11769,Standard
398,6851,2026-08-18,4360,Premium
399,6854,2026-08-16,10166,Budget
400,6855,2026-08-20,3227,Premium
401,6858,2026-09-02,3435,Standard
402,6867,2026-08-19,9072,Luxury
403,6885,2026-08-17,13377,Budget
404,6886,2026-08-03,11972,Standard
405,6888,2026-08-05,8865,Premium
406,6895,2026-08-04,11859,Standard
407,6920,2026-08-09,10785,Budget
408,6932,2026-08-11,9350,Budget
409,6948,2026-08-09,14544,Budget
410,6958,2026-08-20,12108,Budget
411,6985,2026-08-13,13031,Budget
412,6998,2026-08-29,13938,Premium
413,7013,2026-09-02,5872,Premium
414,7032,2026-08-15,8583,Budget
415,7033,2026-08-10,9780,Standard
416,7072,2026-08-15,5079,Budget
417,7085,2026-08-16,3716,Standard
418,7121,2026-08-10,4942,Budget
419,7148,2026-08-23,11871,Premium
420,7149,2026-08-27,4789,Standard
421,7150,2026-08-16,2882,Budget
422,7153,2026-08-22,8910,Luxury
423,7183,2026-08-15,13776,Budget
424,7205,2026-08-05,3613,Budget
425,7217,2026-08-08,10928,Budget
426,7218,2026-08-28,11964,Premium
427,7293,2026-08-10,8794,Standard
428,7305,2026-08-10,14036,Budget
429,7386,2026-08-17,5613,Budget
430,7391,2026-08-31,11493,Budget
431,7409,2026-08-04,5211,Budget
432,7413,2026-08-14,7269,Budget
433,7432,2026-08-15,3558,Budget
434,7439,2026-08-30,8880,Standard
435,7483,2026-08-05,14008,Premium
436,7496,2026-08-17,2071,Standard
437,7498,2026-08-31,6772,Standard
438,7502,2026-08-05,12906,Standard
439,7531,2026-08-24,14130,Standard
440,7544,2026-08-10,6264,Standard
441,7546,2026-08-21,3915,Budget
442,7566,2026-08-26,12711,Budget
443,7572,2026-08-11,2754,Budget
444,7605,2026-08-23,14733,Budget
445,7607,2026-08-10,5160,Premium
446,7614,2026-08-11,10115,Standard
447,7627,2026-08-21,8605,Budget
448,7660,2026-08-25,5893,Standard
449,7663,2026-08-12,13686,Luxury
450,7675,2026-08-12,3727,Budget
451,7684,2026-08-16,10088,Budget
452,7700,2026-08-24,13036,Budget
453,7709,2026-08-08,7842,Standard
454,7712,2026-08-31,8380,Budget
455,7728,2026-08-07,13039,Budget
456,7748,2026-08-28,14647,Budget
457,7756,2026-08-16,4603,Standard
458,7764,2026-08-26,11715,Budget
459,7769,2026-08-16,7360,Standard
460,7782,2026-08-09,5029,Premium
461,7783,2026-08-29,11838,Budget
462,7784,2026-08-17,10080,Budget
463,7801,2026-08-06,13922,Standard
464,7810,2026-08-09,3832,Standard
465,7837,2026-08-19,3153,Standard
466,7859,2026-08-11,11085,Budget
467,7877,2026-08-21,10345,Standard
468,7885,2026-08-12,3601,Standard
469,7918,2026-08-19,13823,Premium
470,7920,2026-08-31,14588,Premium
471,7933,2026-09-01,7029,Standard
472,7934,2026-08-07,8351,Standard
473,7953,2026-08-25,4265,Standard
474,7965,2026-08-31,8222,Budget
475,7974,2026-08-17,8018,Budget
476,7980,2026-08-22,7137,Budget
477,7983,2026-08-15,8964,Premium
478,8044,2026-09-02,5271,Budget
479,8056,2026-08-30,7594,Budget
480,8068,2026-08-28,14220,Standard
481,8081,2026-09-01,3075,Premium
482,8089,2026-08-07,2881,Premium
483,8122,2026-08-11,4199,Budget
484,8131,2026-09-01,5395,Budget
485,8133,2026-08-18,5780,Standard
486,8143,2026-08-13,13768,Budget
487,8145,2026-08-16,3823,Luxury
488,8156,2026-08-20,13746,Standard
489,8161,2026-08-25,10189,Budget
490,8167,2026-08-28,4196,Standard
491,8193,2026-08-08,9423,Standard
492,8202,2026-08-14,14123,Standard
493,8217,2026-08-26,9230,Standard
494,8270,2026-08-24,10935,Budget
495,8331,2026-08-27,2984,Premium
496,8340,2026-08-17,13510,Standard
497,8374,2026-08-06,7686,Standard
498,8401,2026-08-12,3668,Standard
499,8409,2026-08-25,3596,Budget
500,8418,2026-08-27,2294,Standard
501,8423,2026-08-15,3567,Standard
502,8459,2026-08-27,7838,Standard
503,8500,2026-08-04,10748,Budget
504,8562,2026-08-20,7587,Standard
505,8565,2026-08-29,12657,Standard
506,8654,2026-08-25,8138,Standard
507,8667,2026-08-24,3444,Budget
508,8711,2026-08-19,5982,Standard
509,8716,2026-09-03,7568,Standard
510,8717,2026-08-28,8441,Budget
511,8721,2026-08-19,7272,Standard
512,8737,2026-08-14,11564,Luxury
513,8738,2026-08-09,4418,Premium
514,8741,2026-08-03,12239,Standard
515,8759,2026-08-18,9024,Standard
516,8766,2026-08-16,8139,Premium
517,8805,2026-08-19,10572,Standard
518,8820,2026-08-23,5108,Standard
519,8821,2026-09-02,8159,Premium
520,8823,2026-08-07,9536,Standard
521,8829,2026-08-18,9947,Standard
522,8836,2026-08-23,5930,Standard
523,8871,2026-08-07,6057,Premium
524,8888,2026-08-19,13750,Standard
525,8892,2026-08-04,4931,Budget
526,8915,2026-08-27,10580,Standard
527,8949,2026-08-30,11192,Budget
528,8992,2026-08-11,3231,Luxury
529,8993,2026-08-23,11672,Standard
530,9012,2026-08-15,3825,Standard
531,9023,2026-08-21,3735,Standard
532,9024,2026-09-01,5666,Premium
533,9031,2026-08-03,10555,Luxury
534,9050,2026-08-17,13209,Standard
535,9078,2026-08-12,12519,Budget
536,9090,2026-08-03,6732,Premium
537,9102,2026-08-05,7213,Standard
538,9117,2026-08-17,3074,Budget
539,9121,2026-08-04,14515,Budget
540,9125,2026-08-31,14333,Budget
541,9146,2026-08-26,12729,Standard
542,9150,2026-08-23,12899,Premium
543,9224,2026-08-31,2556,Luxury
544,9229,2026-08-21,14108,Budget
545,9244,2026-08-22,3676,Luxury
546,9256,2026-08-08,7139,Standard
547,9274,2026-08-22,9763,Standard
548,9276,2026-08-12,9356,Budget
549,9285,2026-08-28,5383,Luxury
550,9289,2026-08-06,3610,Luxury
551,9294,2026-08-16,6594,Premium
552,9318,2026-08-10,13860,Standard
553,9326,2026-08-28,14097,Standard
554,9355,2026-08-05,12566,Budget
555,9367,2026-08-31,11204,Budget
556,9372,2026-08-16,12440,Budget
557,9385,2026-08-18,4047,Standard
558,9397,2026-08-21,5241,Budget
559,9406,2026-08-13,7794,Budget
560,9421,2026-08-17,14085,Standard
561,9469,2026-08-21,4155,Standard
562,9472,2026-08-03,8047,Standard
563,9479,2026-08-31,8576,Luxury
564,9500,2026-08-14,7604,Budget
565,9510,2026-08-21,12798,Luxury
566,9515,2026-08-25,10030,Standard
567,9525,2026-08-25,8572,Standard
568,9526,2026-08-14,12996,Budget
569,9543,2026-08-09,9734,Standard
570,9546,2026-09-02,10143,Budget
571,9554,2026-08-27,2935,Budget
572,9560,2026-08-10,4177,Budget
573,9563,2026-08-21,7158,Premium
574,9580,2026-08-23,12173,Standard
575,9595,2026-08-31,3502,Premium
576,9596,2026-08-26,10756,Premium
577,9615,2026-08-27,9821,Standard
578,9635,2026-08-20,6115,Budget
579,9692,2026-08-04,4787,Standard
580,9734,2026-08-11,14725,Budget
581,9735,2026-08-13,8483,Standard
582,9750,2026-08-15,14645,Standard
583,9758,2026-08-24,4596,Budget
584,9771,2026-08-16,9008,Budget
585,9777,2026-08-12,4376,Premium
586,9783,2026-08-10,5990,Standard
587,9820,2026-08-28,2937,Budget
588,9822,2026-08-16,8096,Budget
589,9847,2026-08-11,2361,Budget
590,9848,2026-08-24,10515,Standard
591,9895,2026-08-19,10600,Standard
592,9909,2026-08-20,3409,Premium
593,9923,2026-08-08,13434,Budget
594,9949,2026-08-21,5424,Premium
595,9967,2026-08-03,3172,Standard
596,9973,2026-09-02,8503,Premium
597,9986,2026-08-23,12978,Standard
598,9991,2026-08-25,10796,Standard
599,9993,2026-08-21,10520,Budget
600,10030,2026-08-19,14655,Standard
601,10031,2026-08-25,5947,Budget
602,10062,2026-08-21,4811,Standard
603,10078,2026-08-06,11452,Standard
604,10092,2026-08-20,11125,Premium
605,10100,2026-08-03,4556,Budget
606,10104,2026-08-17,14636,Standard
607,10114,2026-08-15,9507,Premium
608,10119,2026-08-16,14899,Budget
609,10122,2026-08-18,11769,Budget
610,10129,2026-08-22,5687,Budget
611,10132,2026-08-29,7485,Budget
612,10135,2026-08-30,13460,Budget
613,10147,2026-08-21,9458,Premium
614,10155,2026-08-11,8432,Premium
615,10202,2026-08-28,10559,Budget
616,10219,2026-08-28,7511,Premium
617,10220,2026-08-21,6409,Premium
618,10235,2026-08-21,12067,Standard
619,10272,2026-08-18,12271,Budget
620,10274,2026-08-04,14752,Premium
621,10292,2026-08-11,8666,Standard
622,10304,2026-08-16,8840,Luxury
623,10310,2026-08-29,6224,Standard
624,10331,2026-08-14,11598,Luxury
625,10363,2026-08-10,11368,Standard
626,10380,2026-08-20,8235,Budget
627,10398,2026-08-23,9166,Standard
628,10403,2026-08-20,7421,Budget
629,10408,2026-08-19,6761,Standard
630,10409,2026-08-24,13560,Premium
631,10418,2026-08-19,8849,Standard
632,10431,2026-08-28,14955,Budget
633,10530,2026-08-08,10636,Premium
634,10540,2026-08-19,5652,Standard
635,10563,2026-08-09,9226,Premium
636,10566,2026-08-08,11106,Standard
637,10570,2026-08-24,9898,Premium
638,10584,2026-08-31,8359,Premium
639,10586,2026-08-16,5250,Budget
640,10588,2026-08-22,11922,Budget
641,10627,2026-08-11,11659,Standard
642,10633,2026-08-12,10050,Standard
643,10638,2026-08-11,13215,Budget
644,10647,2026-08-27,6007,Budget
645,10660,2026-08-08,7700,Budget
646,10691,2026-08-04,4787,Premium
647,10702,2026-08-26,13181,Standard
648,10740,2026-08-21,4652,Premium
649,10744,2026-08-16,12838,Premium
650,10760,2026-08-08,10480,Budget
651,10765,2026-08-16,3876,Budget
652,10778,2026-08-11,14215,Standard
653,10801,2026-08-23,12455,Premium
654,10804,2026-08-16,8510,Premium
655,10811,2026-08-18,8785,Standard
656,10837,2026-08-08,9507,Budget
657,10857,2026-08-12,12405,Standard
658,10866,2026-08-15,13250,Premium
659,10873,2026-08-20,11167,Premium
660,10880,2026-08-30,3388,Standard
661,10886,2026-08-09,3536,Budget
662,10893,2026-08-23,13017,Premium
663,10897,2026-08-05,13042,Budget
664,10905,2026-08-03,4388,Standard
665,10911,2026-08-31,14793,Standard
666,10938,2026-08-13,3219,Budget
667,10940,2026-08-03,5541,Budget
668,10954,2026-08-31,11372,Luxury
669,10963,2026-08-26,10610,Budget
670,10967,2026-08-08,6301,Budget
671,10982,2026-08-21,14496,Budget
672,11043,2026-08-29,10466,Budget
673,11061,2026-08-08,6627,Standard
674,11072,2026-08-20,4261,Standard
675,11076,2026-08-18,4374,Standard
676,11087,2026-08-07,8394,Budget
677,11091,2026-08-07,10837,Standard
678,11115,2026-08-05,2231,Standard
679,11149,2026-08-29,7329,Standard
680,11152,2026-08-15,7784,Premium
681,11187,2026-08-27,2710,Budget
682,11188,2026-09-02,2519,Budget
683,11196,2026-08-05,6247,Budget
684,11199,2026-08-20,4182,Standard
685,11204,2026-08-27,9752,Budget
686,11235,2026-08-07,12117,Budget
687,11261,2026-08-27,14930,Budget
688,11295,2026-08-03,4175,Standard
689,11299,2026-08-25,3869,Budget
690,11309,2026-08-26,5233,Premium
691,11328,2026-08-20,13758,Premium
692,11338,2026-08-29,12716,Standard
693,11341,2026-08-06,12902,Standard
694,11360,2026-08-27,11267,Premium
695,11362,2026-08-31,7429,Budget
696,11370,2026-08-24,3918,Budget
697,11376,2026-08-29,11427,Budget
698,11380,2026-08-30,6445,Premium
699,11448,2026-08-31,10366,Budget
700,11475,2026-08-12,11200,Premium
701,11482,2026-08-24,9755,Standard
702,11484,2026-08-25,13737,Standard
703,11510,2026-08-18,10642,Budget
704,11521,2026-08-16,8132,Budget
705,11528,2026-08-22,9323,Budget
706,11532,2026-08-24,13742,Budget
707,11582,2026-08-27,5446,Budget
708,11588,2026-08-11,14378,Budget
709,11623,2026-09-01,5427,Standard
710,11627,2026-08-19,9928,Standard
711,11629,2026-08-08,7264,Budget
712,11632,2026-08-25,7398,Premium
713,11636,2026-08-08,14627,Standard
714,11727,2026-08-08,7769,Budget
715,11735,2026-08-29,6718,Budget
716,11736,2026-08-11,14282,Budget
717,11737,2026-08-16,14938,Budget
718,11751,2026-08-26,10473,Standard
719,11756,2026-08-12,4714,Standard
720,11758,2026-08-22,10453,Premium
721,11791,2026-08-05,10841,Premium
722,11847,2026-08-08,2681,Luxury
723,11849,2026-08-04,8487,Standard
724,11868,2026-08-17,6039,Premium
725,11871,2026-08-03,9649,Budget
726,11924,2026-08-14,10610,Budget
727,11941,2026-08-07,11773,Budget
728,11942,2026-08-13,9179,Premium
729,11953,2026-08-10,13687,Premium
730,11958,2026-08-25,7904,Budget
731,11978,2026-08-07,13610,Premium
732,11992,2026-08-28,2789,Luxury
733,12011,2026-08-26,6907,Luxury
734,12016,2026-08-18,6414,Budget
735,12018,2026-08-28,9471,Budget
736,12025,2026-08-16,10856,Standard
737,12044,2026-08-24,8426,Premium
738,12061,2026-08-08,9865,Standard
739,12142,2026-08-07,8271,Standard
740,12187,2026-08-20,12540,Standard
741,12199,2026-08-18,14907,Luxury
742,12203,2026-08-08,14312,Budget
743,12218,2026-09-01,5659,Budget
744,12221,2026-08-02,6452,Budget
745,12252,2026-08-28,3084,Premium
746,12273,2026-08-13,5800,Budget
747,12356,2026-08-02,5329,Standard
748,12375,2026-08-02,5279,Standard
749,12424,2026-08-06,7399,Budget
750,12453,2026-08-25,13608,Luxury
751,12467,2026-08-08,2741,Budget
752,12476,2026-08-28,11317,Standard
753,12496,2026-08-22,5470,Budget
754,12502,2026-08-18,14700,Standard
755,12506,2026-08-21,6742,Premium
756,12521,2026-08-06,2873,Standard
757,12524,2026-08-02,11282,Luxury
758,12540,2026-08-05,8406,Budget
759,12554,2026-08-25,13227,Premium
760,12556,2026-08-26,13523,Budget
761,12560,2026-08-19,5436,Premium
762,12588,2026-08-31,8591,Budget
763,12632,2026-08-31,8762,Standard
764,12638,2026-08-03,11171,Budget
765,12689,2026-08-22,8382,Standard
766,12778,2026-08-16,4090,Budget
767,12780,2026-08-08,12885,Luxury
768,12801,2026-08-17,7966,Standard
769,12809,2026-08-08,7046,Standard
770,12812,2026-08-18,14466,Budget
771,12816,2026-08-09,12435,Budget
772,12823,2026-08-27,9023,Budget
773,12832,2026-08-12,5287,Standard
774,12837,2026-08-21,7181,Budget
775,12890,2026-08-17,12291,Budget
776,12947,2026-08-31,14129,Premium
777,12953,2026-08-15,9960,Standard
778,12971,2026-08-29,2266,Budget
779,12975,2026-08-19,5506,Standard
780,12976,2026-09-02,12783,Budget
781,13009,2026-08-14,14274,Standard
782,13021,2026-08-30,10770,Standard
783,13074,2026-08-15,4593,Budget
784,13100,2026-08-25,12598,Premium
785,13145,2026-08-20,9524,Budget
786,13151,2026-08-23,14972,Standard
787,13153,2026-08-09,11323,Budget
788,13216,2026-08-16,9700,Budget
789,13218,2026-08-14,5343,Budget
790,13251,2026-08-25,9713,Standard
791,13254,2026-08-20,4057,Standard
792,13257,2026-08-18,3798,Standard
793,13262,2026-08-07,6093,Luxury
794,13285,2026-08-19,10672,Premium
795,13302,2026-08-30,14997,Standard
796,13317,2026-08-22,3379,Budget
797,13400,2026-08-04,12168,Budget
798,13413,2026-08-06,5507,Budget
799,13430,2026-08-23,8532,Budget
800,13439,2026-08-14,10959,Premium
801,13457,2026-08-10,11387,Premium
802,13479,2026-08-16,9604,Standard
803,13523,2026-08-01,12103,Premium
804,13538,2026-08-28,14193,Budget
805,13548,2026-09-01,5852,Premium
806,13561,2026-08-15,6808,Standard
807,13570,2026-08-27,11206,Budget
808,13573,2026-08-07,13113,Budget
809,13597,2026-08-03,3899,Budget
810,13603,2026-08-28,14649,Premium
811,13605,2026-08-31,2703,Budget
812,13617,2026-08-17,2682,Budget
813,13624,2026-08-08,5934,Premium
814,13632,2026-08-04,3866,Standard
815,13639,2026-08-24,4703,Premium
816,13651,2026-08-14,3974,Budget
817,13662,2026-08-26,14640,Premium
818,13718,2026-08-20,5136,Premium
819,13731,2026-08-31,3811,Standard
820,13742,2026-08-07,12264,Budget
821,13771,2026-08-31,9945,Budget
822,13782,2026-08-15,7933,Standard
823,13787,2026-08-22,14164,Budget
824,13803,2026-08-24,9533,Standard
825,13827,2026-08-29,6201,Budget
826,13842,2026-08-06,9206,Standard
827,13881,2026-08-23,5573,Premium
828,13884,2026-08-27,2072,Standard
829,13966,2026-08-14,10278,Standard
830,13975,2026-08-29,9013,Premium
831,13976,2026-08-27,10882,Budget
832,13999,2026-08-04,4768,Standard
833,14011,2026-08-29,8244,Standard
834,14022,2026-08-03,6160,Premium
835,14023,2026-08-22,12564,Standard
836,14059,2026-08-25,9328,Budget
837,14077,2026-08-27,11963,Luxury
838,14080,2026-08-05,9864,Luxury
839,14129,2026-08-19,11153,Standard
840,14130,2026-09-01,5643,Budget
841,14147,2026-08-15,11273,Premium
842,14152,2026-08-20,4698,Premium
843,14162,2026-08-16,8386,Budget
844,14199,2026-08-12,4513,Budget
845,14201,2026-08-08,8380,Luxury
846,14203,2026-08-27,13953,Standard
847,14219,2026-08-14,9313,Premium
848,14222,2026-08-28,2340,Budget
849,14231,2026-08-17,9884,Budget
850,14242,2026-08-30,8901,Premium
851,14265,2026-08-07,5988,Standard
852,14279,2026-08-06,11099,Premium
853,14330,2026-08-18,6395,Standard
854,14333,2026-08-11,7166,Standard
855,14361,2026-08-14,13910,Standard
856,14364,2026-08-05,7517,Standard
857,14368,2026-08-24,2306,Budget
858,14403,2026-08-10,4263,Budget
859,14404,2026-08-09,6003,Standard
860,14407,2026-08-19,8494,Premium
861,14428,2026-08-08,4717,Budget
862,14433,2026-08-04,8592,Standard
863,14474,2026-08-05,7903,Budget
864,14483,2026-08-20,9697,Budget
865,14499,2026-08-06,5831,Premium
866,14514,2026-08-22,12448,Luxury
867,14560,2026-08-30,4664,Premium
868,14569,2026-08-11,12416,Standard
869,14573,2026-08-12,7639,Standard
870,14604,2026-08-23,2877,Premium
871,14630,2026-08-17,7719,Budget
872,14647,2026-08-05,8871,Budget
873,14670,2026-08-14,5750,Budget
874,14694,2026-08-01,2568,Budget
875,14704,2026-08-11,13010,Budget
876,14726,2026-08-03,14315,Standard
877,14740,2026-08-04,4230,Standard
878,14770,2026-08-13,12065,Standard
879,14780,2026-08-30,13382,Budget
880,14786,2026-08-13,4504,Standard
881,14809,2026-08-29,7740,Standard
882,14832,2026-08-05,13882,Budget
883,14839,2026-08-30,6425,Standard
884,14840,2026-08-09,13766,Budget
885,14853,2026-08-15,14289,Budget
886,14855,2026-08-02,12838,Budget
887,14860,2026-08-27,11195,Budget
888,14861,2026-08-26,5368,Standard
889,14863,2026-08-30,3922,Budget
890,14864,2026-08-17,9538,Budget
891,14897,2026-08-28,12708,Standard
892,14902,2026-08-22,5935,Standard
893,14914,2026-08-22,2527,Standard
894,14923,2026-08-17,14901,Standard
895,14958,2026-08-29,14531,Premium
896,14972,2026-09-02,14524,Budget
897,14976,2026-08-20,12525,Budget
898,15002,2026-08-28,5682,Standard
899,15011,2026-08-23,7508,Standard
900,15086,2026-08-11,5198,Premium
901,15089,2026-08-14,2611,Premium
902,15102,2026-08-16,13759,Budget
903,15115,2026-08-30,3864,Budget
904,15141,2026-08-29,7478,Budget
905,15152,2026-08-28,4013,Standard
906,15186,2026-08-11,2270,Standard
907,15191,2026-08-07,11640,Standard
908,15194,2026-08-04,11584,Luxury
909,15228,2026-08-05,5365,Standard
910,15259,2026-08-19,12072,Budget
911,15268,2026-08-28,2268,Budget
912,15274,2026-08-30,2609,Standard
913,15309,2026-08-30,8079,Premium
914,15337,2026-08-29,5920,Budget
915,15358,2026-08-25,3388,Budget
916,15366,2026-08-22,13289,Budget
917,15379,2026-08-27,11322,Premium
918,15384,2026-08-18,12220,Budget
919,15404,2026-08-31,13326,Luxury
920,15461,2026-08-23,11036,Standard
921,15494,2026-08-08,9037,Budget
922,15527,2026-08-13,13109,Standard
923,15562,2026-08-07,7922,Standard
924,15595,2026-08-12,14525,Premium
925,15596,2026-08-13,9190,Standard
926,15598,2026-08-25,2343,Premium
927,15602,2026-08-02,10178,Budget
928,15607,2026-08-21,3801,Budget
929,15635,2026-08-11,5821,Budget
930,15682,2026-08-07,7204,Standard
931,15764,2026-08-13,10332,Budget
932,15767,2026-08-21,9205,Budget
933,15773,2026-08-28,12043,Premium
934,15780,2026-08-19,14411,Luxury
935,15784,2026-08-14,3597,Standard
936,15789,2026-08-15,5255,Budget
937,15793,2026-08-09,6277,Budget
938,15812,2026-08-22,13008,Budget
939,15844,2026-09-01,2849,Budget
940,15862,2026-08-15,9388,Premium
941,15877,2026-08-22,10462,Premium
942,15878,2026-08-26,11912,Budget
943,15882,2026-08-25,14341,Standard
944,15888,2026-08-03,9922,Budget
945,15890,2026-08-09,8627,Premium
946,15915,2026-08-23,9538,Standard
947,15919,2026-08-30,9987,Premium
948,15930,2026-08-14,2029,Premium
949,15936,2026-08-05,8579,Budget
950,15985,2026-08-26,8216,Premium
951,15997,2026-08-13,12599,Standard
952,16033,2026-08-10,11812,Budget
953,16055,2026-08-08,7455,Budget
954,16056,2026-08-05,5062,Budget
955,16068,2026-08-30,2368,Standard
956,16084,2026-08-30,12219,Premium
957,16089,2026-08-24,6733,Budget
958,16133,2026-08-05,6964,Budget
959,16144,2026-08-07,7199,Luxury
960,16165,2026-08-09,13736,Standard
961,16167,2026-08-28,3486,Premium
962,16236,2026-08-13,13973,Premium
963,16241,2026-08-26,8401,Standard
964,16248,2026-08-03,12254,Standard
965,16252,2026-08-22,9439,Standard
966,16254,2026-08-14,3159,Budget
967,16287,2026-08-24,6288,Standard
968,16330,2026-08-04,9425,Premium
969,16359,2026-08-14,7684,Premium
970,16362,2026-08-29,10485,Standard
971,16368,2026-08-08,2258,Standard
972,16374,2026-08-19,4147,Standard
973,16382,2026-08-15,6481,Premium
974,16383,2026-09-02,5080,Premium
975,16393,2026-08-16,11745,Standard
976,16408,2026-08-16,13867,Budget
977,16418,2026-08-29,3879,Premium
978,16431,2026-08-17,11746,Budget
979,16433,2026-08-31,11609,Standard
980,16434,2026-08-21,11123,Premium
981,16442,2026-08-28,5935,Luxury
982,16463,2026-08-15,10161,Premium
983,16484,2026-08-27,12558,Standard
984,16528,2026-08-15,5560,Budget
985,16536,2026-08-10,12787,Standard
986,16550,2026-08-10,8258,Budget
987,16556,2026-08-18,7672,Standard
988,16579,2026-08-11,5810,Standard
989,16581,2026-08-25,13716,Standard
990,16626,2026-08-12,13010,Premium
991,16646,2026-08-10,9192,Budget
992,16653,2026-08-29,13746,Budget
993,16663,2026-08-24,9357,Standard
994,16678,2026-08-10,7961,Premium
995,16679,2026-08-16,11234,Standard
996,16696,2026-08-12,8638,Budget
997,16722,2026-08-30,4405,Luxury
998,16732,2026-08-09,5401,Budget
999,16736,2026-08-28,8393,Budget
1000,16805,2026-08-09,6460,Standard
1001,16810,2026-08-01,12954,Premium
1002,16855,2026-09-01,8273,Budget
1003,16860,2026-08-14,14207,Luxury
1004,16908,2026-08-27,9511,Budget
1005,16911,2026-08-09,13233,Budget
1006,16913,2026-08-20,12942,Premium
1007,16923,2026-08-25,10984,Standard
1008,16984,2026-08-22,10367,Budget
1009,16998,2026-08-28,14540,Standard
1010,17003,2026-08-24,5568,Budget
1011,17061,2026-08-17,2498,Standard
1012,17071,2026-08-23,11286,Premium
1013,17102,2026-08-21,9083,Budget
1014,17147,2026-08-23,14786,Budget
1015,17156,2026-08-11,12066,Budget
1016,17187,2026-08-08,11323,Budget
1017,17189,2026-08-13,2199,Budget
1018,17191,2026-08-03,4364,Budget
1019,17203,2026-08-28,10233,Standard
1020,17210,2026-08-20,9366,Standard
1021,17232,2026-08-29,9955,Standard
1022,17259,2026-08-23,14125,Budget
1023,17267,2026-08-06,14779,Budget
1024,17286,2026-08-09,5862,Standard
1025,17297,2026-08-03,2686,Premium
1026,17332,2026-08-21,9546,Standard
1027,17353,2026-08-08,3148,Standard
1028,17360,2026-08-17,5848,Standard
1029,17492,2026-08-11,11969,Premium
1030,17519,2026-08-07,6040,Premium
1031,17520,2026-08-22,6253,Budget
1032,17527,2026-08-16,12780,Standard
1033,17531,2026-08-15,5179,Standard
1034,17564,2026-08-18,3006,Budget
1035,17565,2026-08-14,11969,Standard
1036,17584,2026-08-10,10224,Budget
1037,17600,2026-08-31,10745,Standard
1038,17623,2026-08-11,11865,Luxury
1039,17648,2026-08-08,6910,Standard
1040,17661,2026-08-29,5294,Standard
1041,17676,2026-08-15,8809,Premium
1042,17682,2026-08-19,12054,Standard
1043,17685,2026-08-30,7802,Premium
1044,17695,2026-08-14,3399,Budget
1045,17725,2026-08-13,8675,Standard
1046,17736,2026-08-07,11686,Budget
1047,17763,2026-08-30,6108,Budget
1048,17767,2026-08-29,11320,Budget
1049,17784,2026-08-16,12134,Standard
1050,17802,2026-08-05,12906,Standard
1051,17818,2026-08-20,4194,Standard
1052,17823,2026-08-20,10728,Premium
1053,17829,2026-08-11,14569,Premium
1054,17832,2026-08-25,11473,Standard
1055,17837,2026-08-28,10161,Premium
1056,17838,2026-08-28,14304,Premium
1057,17841,2026-08-19,9118,Standard
1058,17859,2026-08-15,10563,Premium
1059,17867,2026-08-04,13505,Budget
1060,17875,2026-08-19,9658,Budget
1061,17891,2026-08-09,10701,Standard
1062,17894,2026-08-23,8849,Premium
1063,17899,2026-08-14,8334,Standard
1064,17923,2026-08-05,2934,Standard
1065,17948,2026-08-20,4867,Premium
1066,17953,2026-08-31,6450,Budget
1067,17963,2026-08-17,7287,Premium
1068,17966,2026-08-20,7208,Premium
1069,17985,2026-08-26,7500,Standard
1070,17993,2026-08-21,14494,Budget
1071,17996,2026-09-01,4480,Budget
1072,18006,2026-08-14,13023,Budget
1073,18011,2026-08-24,6854,Standard
1074,18020,2026-08-16,6464,Budget
1075,18063,2026-08-27,12672,Budget
1076,18084,2026-08-21,9842,Standard
1077,18106,2026-08-15,9066,Budget
1078,18132,2026-08-05,5990,Standard
1079,18162,2026-08-07,10612,Budget
1080,18164,2026-08-06,3304,Budget
1081,18212,2026-08-15,3090,Budget
1082,18218,2026-08-04,14041,Budget
1083,18250,2026-08-14,12212,Budget
1084,18292,2026-08-08,11264,Budget
1085,18364,2026-08-07,6734,Budget
1086,18367,2026-08-19,13922,Budget
1087,18369,2026-08-06,5837,Standard
1088,18384,2026-08-07,8902,Standard
1089,18388,2026-08-11,12929,Standard
1090,18397,2026-08-05,14548,Standard
1091,18446,2026-08-27,7293,Standard
1092,18463,2026-08-24,4114,Budget
1093,18484,2026-08-12,14460,Standard
1094,18509,2026-08-26,9472,Standard
1095,18526,2026-08-18,5885,Premium
1096,18536,2026-08-11,3175,Premium
1097,18573,2026-08-03,14924,Standard
1098,18627,2026-08-24,12675,Budget
1099,18631,2026-08-10,5662,Budget
1100,18663,2026-08-07,12601,Budget
1101,18682,2026-08-17,9930,Budget
1102,18690,2026-08-22,14731,Premium
1103,18692,2026-08-25,7910,Standard
1104,18699,2026-08-04,10076,Budget
1105,18701,2026-08-18,11929,Premium
1106,18705,2026-08-18,14697,Standard
1107,18709,2026-08-31,8495,Standard
1108,18726,2026-08-13,5840,Standard
1109,18739,2026-08-06,7530,Premium
1110,18754,2026-08-04,6382,Budget
1111,18762,2026-08-09,3014,Budget
1112,18773,2026-08-15,9043,Budget
1113,18775,2026-08-10,12195,Premium
1114,18800,2026-08-18,6268,Budget
1115,18808,2026-08-20,13740,Standard
1116,18850,2026-08-25,10299,Standard
1117,18857,2026-08-27,10982,Standard
1118,18875,2026-08-11,3117,Budget
1119,18876,2026-08-14,9803,Budget
1120,18890,2026-08-20,5745,Budget
1121,18916,2026-08-16,10594,Budget
1122,18922,2026-08-22,7996,Luxury
1123,18936,2026-08-22,11298,Standard
1124,18938,2026-08-09,3229,Standard
1125,18957,2026-08-09,5503,Budget
1126,18961,2026-08-23,10264,Budget
1127,18965,2026-08-16,5524,Standard
1128,18976,2026-08-12,8354,Standard
1129,18992,2026-08-23,9323,Standard
1130,19031,2026-08-31,3558,Standard
1131,19050,2026-09-01,4765,Standard
1132,19053,2026-08-16,4530,Standard
1133,19144,2026-08-04,4388,Budget
1134,19145,2026-08-21,12514,Standard
1135,19148,2026-08-28,9529,Luxury
1136,19157,2026-08-11,6538,Premium
1137,19160,2026-08-23,2292,Standard
1138,19170,2026-08-20,10002,Standard
1139,19174,2026-08-11,11425,Standard
1140,19189,2026-08-21,10340,Standard
1141,19211,2026-08-23,10538,Budget
1142,19225,2026-08-28,10900,Standard
1143,19243,2026-08-22,7896,Budget
1144,19244,2026-08-31,3145,Standard
1145,19258,2026-08-08,10288,Budget
1146,19275,2026-08-03,2126,Standard
1147,19328,2026-08-27,7166,Luxury
1148,19344,2026-08-15,8341,Premium
1149,19368,2026-08-31,11420,Standard
1150,19369,2026-08-08,8117,Budget
1151,19374,2026-08-11,11640,Budget
1152,19378,2026-08-16,12801,Standard
1153,19387,2026-08-19,6591,Budget
1154,19398,2026-08-26,2175,Premium
1155,19404,2026-08-18,7892,Standard
1156,19409,2026-08-28,12129,Budget
1157,19412,2026-08-29,7221,Standard
1158,19427,2026-08-19,5159,Standard
1159,19437,2026-09-01,9832,Luxury
1160,19499,2026-08-08,7687,Budget
1161,19508,2026-08-02,9077,Standard
1162,19522,2026-08-23,10742,Standard
1163,19533,2026-08-07,6887,Budget
1164,19542,2026-08-04,7901,Luxury
1165,19549,2026-08-26,12927,Luxury
1166,19550,2026-08-27,11979,Premium
1167,19551,2026-08-26,13172,Budget
1168,19564,2026-08-30,14477,Standard
1169,19591,2026-08-07,7940,Budget
1170,19617,2026-08-13,13239,Premium
1171,19648,2026-08-25,10181,Budget
1172,19662,2026-08-13,13292,Budget
1173,19670,2026-08-07,13270,Premium
1174,19671,2026-08-16,11585,Budget
1175,19674,2026-08-11,12330,Budget
1176,19678,2026-08-07,11785,Budget
1177,19686,2026-08-03,4768,Premium
1178,19714,2026-08-11,5994,Standard
1179,19729,2026-08-19,5833,Premium
1180,19737,2026-08-29,2399,Standard
1181,19741,2026-08-16,11436,Standard
1182,19745,2026-08-29,12481,Luxury
1183,19807,2026-08-18,13559,Budget
1184,19817,2026-08-20,8496,Budget
1185,19829,2026-08-21,10447,Premium
1186,19863,2026-08-24,11901,Standard
1187,19873,2026-08-05,7058,Standard
1188,19890,2026-08-08,2733,Standard
1189,19891,2026-08-22,3116,Standard
1190,19911,2026-09-02,11780,Standard
1191,19963,2026-08-05,8776,Standard
1192,19967,2026-08-05,5185,Budget
1193,19974,2026-08-17,7767,Premium
1194,20004,2026-08-20,6848,Standard
1195,20020,2026-08-27,4975,Premium
1196,20030,2026-08-29,14977,Budget
1197,20041,2026-08-28,6750,Budget
1198,20052,2026-08-28,12724,Premium
1199,20077,2026-08-15,6603,Standard
1200,20080,2026-08-09,11493,Premium
1201,20089,2026-08-19,7351,Premium
1202,20094,2026-08-31,9466,Standard
1203,20100,2026-08-30,9314,Budget
1204,20121,2026-08-06,5042,Standard
1205,20148,2026-08-28,8699,Luxury
1206,20158,2026-08-19,10592,Standard
1207,20182,2026-08-29,7566,Budget
1208,20187,2026-08-27,5895,Premium
1209,20195,2026-08-07,4308,Standard
1210,20216,2026-08-12,14401,Budget
1211,20264,2026-08-31,8655,Budget
1212,20265,2026-08-18,5728,Standard
1213,20285,2026-08-25,9358,Budget
1214,20286,2026-08-13,8007,Standard
1215,20336,2026-08-05,5749,Standard
1216,20353,2026-08-27,10486,Standard
1217,20367,2026-08-23,14072,Budget
1218,20383,2026-08-03,11060,Premium
1219,20444,2026-08-07,13845,Budget
1220,20456,2026-08-06,13177,Standard
1221,20472,2026-08-28,2888,Standard
1222,20477,2026-09-02,10961,Luxury
1223,20478,2026-08-20,8268,Standard
1224,20490,2026-08-28,14015,Budget
1225,20494,2026-08-10,8356,Premium
1226,20502,2026-08-06,12001,Budget
1227,20535,2026-08-21,9534,Standard
1228,20543,2026-08-25,6125,Budget
1229,20544,2026-08-12,13363,Premium
1230,20582,2026-08-27,3737,Budget
1231,20598,2026-08-08,4519,Budget
1232,20631,2026-08-25,3366,Budget
1233,20652,2026-08-28,14272,Standard
1234,20676,2026-08-27,6051,Premium
1235,20698,2026-08-18,2703,Budget
1236,20741,2026-08-15,4959,Standard
1237,20749,2026-08-31,4723,Budget
1238,20760,2026-08-07,5597,Standard
1239,20762,2026-08-23,4376,Budget
1240,20800,2026-08-04,6932,Budget
1241,20807,2026-08-06,3978,Standard
1242,20808,2026-08-27,14240,Standard
1243,20811,2026-08-18,6749,Budget
1244,20814,2026-08-06,10960,Premium
1245,20820,2026-08-30,13858,Premium
1246,20826,2026-08-26,8359,Budget
1247,20830,2026-08-23,7811,Luxury
1248,20844,2026-08-15,12016,Standard
1249,20864,2026-08-09,11939,Standard
1250,20865,2026-08-27,3862,Luxury
1251,20883,2026-08-06,8357,Standard
1252,20902,2026-08-24,7985,Premium
1253,20906,2026-08-13,12210,Standard
1254,20909,2026-08-07,8015,Standard
1255,20921,2026-08-04,4497,Budget
1256,20936,2026-08-24,2895,Premium
1257,20946,2026-08-16,14279,Standard
1258,20959,2026-08-18,8909,Budget
1259,20967,2026-08-07,12307,Budget
1260,20969,2026-08-06,13081,Premium
1261,21006,2026-08-20,12181,Standard
1262,21010,2026-08-09,11044,Premium
1263,21025,2026-08-28,4149,Premium
1264,21029,2026-08-08,4427,Budget
1265,21038,2026-08-12,11925,Budget
1266,21040,2026-08-21,13989,Standard
1267,21043,2026-08-19,3792,Standard
1268,21053,2026-08-08,6324,Standard
1269,21055,2026-08-29,13523,Budget
1270,21058,2026-09-01,6217,Standard
1271,21131,2026-09-02,12194,Budget
1272,21157,2026-08-15,9827,Standard
1273,21160,2026-09-03,4578,Budget
1274,21169,2026-08-24,8961,Standard
1275,21208,2026-08-21,7248,Standard
1276,21251,2026-08-30,13689,Standard
1277,21252,2026-08-09,4188,Standard
1278,21276,2026-08-18,12819,Budget
1279,21279,2026-08-17,9615,Budget
1280,21290,2026-08-30,3118,Premium
1281,21319,2026-08-09,2121,Premium
1282,21337,2026-08-30,6823,Standard
1283,21357,2026-08-11,9812,Budget
1284,21363,2026-08-06,9233,Standard
1285,21389,2026-09-01,5435,Budget
1286,21400,2026-08-30,4480,Standard
1287,21415,2026-08-11,5058,Luxury
1288,21417,2026-08-11,3171,Premium
1289,21422,2026-08-06,8796,Standard
1290,21443,2026-08-14,14610,Luxury
1291,21444,2026-08-24,11203,Premium
1292,21470,2026-08-04,10440,Budget
1293,21496,2026-08-09,10902,Standard
1294,21497,2026-08-05,10574,Premium
1295,21512,2026-08-11,10100,Budget
1296,21537,2026-08-25,13418,Standard
1297,21542,2026-08-06,11604,Premium
1298,21606,2026-08-23,7778,Premium
1299,21607,2026-08-31,5017,Budget
1300,21616,2026-08-04,2491,Standard
1301,21648,2026-08-21,11092,Standard
1302,21663,2026-08-20,5678,Premium
1303,21688,2026-08-03,4863,Budget
1304,21726,2026-08-13,11301,Budget
1305,21728,2026-08-13,4847,Budget
1306,21755,2026-08-06,13143,Budget
1307,21765,2026-08-16,10042,Budget
1308,21806,2026-08-23,2567,Premium
1309,21810,2026-08-06,11507,Budget
1310,21818,2026-08-25,12574,Standard
1311,21871,2026-08-10,14963,Budget
1312,21882,2026-08-16,7217,Premium
1313,21912,2026-08-21,7982,Budget
1314,21916,2026-08-31,11738,Budget
1315,21938,2026-08-04,3806,Standard
1316,21987,2026-08-29,13834,Standard
1317,22014,2026-08-13,5641,Budget
1318,22061,2026-08-19,11361,Luxury
1319,22112,2026-08-18,13654,Standard
1320,22120,2026-08-07,5425,Budget
1321,22144,2026-08-15,12630,Budget
1322,22167,2026-09-02,12105,Budget
1323,22198,2026-08-23,8451,Premium
1324,22240,2026-08-28,10388,Budget
1325,22253,2026-08-16,5784,Budget
1326,22262,2026-08-28,11458,Premium
1327,22267,2026-08-26,14783,Premium
1328,22269,2026-08-15,13665,Budget
1329,22275,2026-08-26,7514,Budget
1330,22303,2026-08-24,8753,Premium
1331,22380,2026-08-28,14237,Standard
1332,22396,2026-09-03,9052,Standard
1333,22400,2026-08-15,5545,Budget
1334,22414,2026-08-26,11745,Premium
1335,22418,2026-08-28,4941,Budget
1336,22471,2026-08-06,13818,Premium
1337,22477,2026-08-18,7842,Standard
1338,22504,2026-08-24,3225,Budget
1339,22554,2026-08-07,4704,Standard
1340,22608,2026-08-02,13882,Budget
1341,22633,2026-08-22,13067,Standard
1342,22634,2026-08-11,2537,Premium
1343,22681,2026-08-11,6944,Budget
1344,22757,2026-08-14,12752,Budget
1345,22785,2026-08-28,14277,Budget
1346,22789,2026-08-01,9608,Standard
1347,22791,2026-08-08,3345,Standard
1348,22794,2026-08-31,4564,Standard
1349,22800,2026-08-05,13613,Luxury
1350,22829,2026-08-11,5718,Standard
1351,22845,2026-08-17,8939,Premium
1352,22859,2026-08-19,7606,Premium
1353,22877,2026-08-05,7972,Premium
1354,22887,2026-08-20,7235,Standard
1355,22888,2026-08-03,10684,Budget
1356,22906,2026-08-07,3012,Premium
1357,22981,2026-08-07,8805,Premium
1358,22995,2026-08-17,14737,Standard
1359,23012,2026-08-21,14806,Budget
1360,23056,2026-08-04,12104,Premium
1361,23078,2026-09-02,12354,Standard
1362,23103,2026-08-29,6341,Standard
1363,23120,2026-08-23,12116,Standard
1364,23169,2026-08-03,2271,Budget
1365,23185,2026-08-31,3053,Premium
1366,23195,2026-08-24,12979,Standard
1367,23205,2026-08-10,10403,Premium
1368,23211,2026-08-20,11462,Budget
1369,23268,2026-08-20,2300,Standard
1370,23272,2026-08-10,4164,Standard
1371,23279,2026-08-06,9183,Standard
1372,23284,2026-08-18,2834,Standard
1373,23300,2026-08-07,10345,Budget
1374,23320,2026-09-02,5636,Premium
1375,23321,2026-09-01,9641,Premium
1376,23345,2026-08-22,2480,Budget
1377,23364,2026-08-04,7185,Budget
1378,23385,2026-08-14,10027,Premium
1379,23394,2026-09-01,11006,Budget
1380,23410,2026-08-23,13051,Budget
1381,23422,2026-08-31,9713,Budget
1382,23434,2026-08-17,6588,Standard
1383,23442,2026-08-04,11922,Budget
1384,23451,2026-08-29,5567,Budget
1385,23456,2026-08-20,8275,Standard
1386,23467,2026-08-27,5040,Budget
1387,23475,2026-08-13,11143,Budget
1388,23487,2026-08-16,11806,Premium
1389,23490,2026-08-08,10522,Premium
1390,23494,2026-08-11,12104,Standard
1391,23513,2026-08-03,9989,Standard
1392,23514,2026-08-24,10782,Budget
1393,23515,2026-08-31,2547,Premium
1394,23538,2026-08-20,2214,Standard
1395,23555,2026-08-23,7020,Premium
1396,23582,2026-08-12,11303,Standard
1397,23609,2026-08-29,9977,Budget
1398,23623,2026-08-24,7043,Luxury
1399,23629,2026-08-21,12277,Standard
1400,23631,2026-08-05,2398,Standard
1401,23650,2026-08-28,9177,Standard
1402,23659,2026-08-02,9048,Budget
1403,23662,2026-08-04,3685,Budget
1404,23684,2026-08-25,4432,Premium
1405,23685,2026-08-27,4703,Standard
1406,23699,2026-08-13,11148,Premium
1407,23702,2026-08-10,14950,Budget
1408,23718,2026-08-10,3145,Budget
1409,23720,2026-08-15,5634,Standard
1410,23721,2026-08-16,2581,Budget
1411,23734,2026-08-12,14646,Standard
1412,23741,2026-08-31,11311,Luxury
1413,23792,2026-08-05,4603,Premium
1414,23796,2026-08-03,2033,Standard
1415,23798,2026-08-24,3179,Budget
1416,23808,2026-08-17,5728,Standard
1417,23833,2026-08-06,11052,Budget
1418,23849,2026-08-02,10269,Budget
1419,23850,2026-08-12,2440,Standard
1420,23857,2026-08-05,11387,Premium
1421,23874,2026-08-22,6233,Standard
1422,23878,2026-08-15,9864,Standard
1423,23880,2026-08-13,12232,Budget
1424,23886,2026-08-13,6470,Budget
1425,23963,2026-08-06,8568,Budget
1426,23997,2026-08-25,4890,Standard
1427,24009,2026-08-15,3979,Budget
1428,24019,2026-08-24,5120,Premium
1429,24026,2026-08-25,10653,Premium
1430,24036,2026-08-04,9759,Standard
1431,24042,2026-08-30,14356,Standard
1432,24045,2026-08-27,13023,Standard
1433,24101,2026-08-30,5485,Premium
1434,24179,2026-08-13,3918,Standard
1435,24185,2026-08-05,2671,Standard
1436,24227,2026-08-18,7089,Standard
1437,24230,2026-08-10,9422,Luxury
1438,24246,2026-08-12,10874,Premium
1439,24248,2026-08-13,4717,Standard
1440,24260,2026-08-30,8946,Budget
1441,24268,2026-08-30,7331,Premium
1442,24272,2026-08-16,10436,Budget
1443,24291,2026-08-09,5724,Standard
1444,24298,2026-08-31,5205,Premium
1445,24300,2026-08-18,11718,Standard
1446,24307,2026-08-14,6055,Budget
1447,24312,2026-08-30,12062,Standard
1448,24321,2026-08-23,11363,Standard
1449,24322,2026-08-13,2977,Standard
1450,24323,2026-08-14,7405,Standard
1451,24337,2026-08-16,2095,Premium
1452,24340,2026-08-17,12739,Budget
1453,24346,2026-08-25,4793,Budget
1454,24348,2026-09-01,11126,Standard
1455,24350,2026-08-18,8409,Budget
1456,24362,2026-08-24,8393,Budget
1457,24403,2026-08-04,10799,Standard
1458,24414,2026-08-19,4767,Standard
1459,24421,2026-08-30,10400,Standard
1460,24426,2026-08-14,7260,Premium
1461,24443,2026-08-20,13348,Standard
1462,24457,2026-08-12,2853,Premium
1463,24517,2026-08-12,14536,Standard
1464,24539,2026-08-18,6207,Standard
1465,24575,2026-08-30,14117,Standard
1466,24586,2026-08-04,11128,Standard
1467,24597,2026-08-04,8324,Premium
1468,24610,2026-08-17,11471,Budget
1469,24622,2026-08-12,2501,Premium
1470,24702,2026-08-23,3042,Premium
1471,24723,2026-08-22,3036,Standard
1472,24725,2026-08-24,3570,Standard
1473,24778,2026-08-19,10324,Standard
1474,24803,2026-08-29,4658,Standard
1475,24850,2026-08-14,9011,Standard
1476,24858,2026-08-20,8349,Standard
1477,24862,2026-09-01,6475,Standard
1478,24884,2026-08-24,11672,Premium
1479,24991,2026-08-12,3689,Luxury
1480,25000,2026-08-04,8301,Standard
1481,25024,2026-08-04,7995,Standard
1482,25036,2026-08-09,2964,Budget
1483,25083,2026-09-02,6754,Standard
1484,25091,2026-08-28,2920,Standard
1485,25110,2026-08-30,6439,Standard
1486,25120,2026-08-10,9124,Standard
1487,25129,2026-08-05,8950,Standard
1488,25135,2026-08-15,8942,Standard
1489,25147,2026-08-25,9184,Premium
1490,25166,2026-08-31,9586,Premium
1491,25167,2026-08-07,13548,Standard
1492,25207,2026-08-02,9118,Standard
1493,25208,2026-08-28,4648,Premium
1494,25215,2026-08-15,14860,Standard
1495,25225,2026-08-27,13466,Budget
1496,25238,2026-08-24,9282,Standard
1497,25259,2026-08-29,7091,Standard
1498,25284,2026-08-15,12489,Standard
1499,25286,2026-08-24,9037,Luxury
1500,25354,2026-08-10,4692,Standard
1501,25393,2026-08-11,9628,Premium
1502,25395,2026-08-13,12106,Standard
1503,25427,2026-08-19,14829,Budget
1504,25432,2026-08-26,3582,Budget
1505,25435,2026-08-14,9639,Budget
1506,25455,2026-08-25,2827,Standard
1507,25483,2026-08-28,6814,Premium
1508,25491,2026-08-27,9983,Standard
1509,25508,2026-08-21,3275,Luxury
1510,25521,2026-08-25,7870,Luxury
1511,25525,2026-08-30,8915,Premium
1512,25558,2026-08-11,6288,Premium
1513,25586,2026-08-29,6643,Standard
1514,25671,2026-09-02,14196,Premium
1515,25686,2026-08-29,9177,Standard
1516,25703,2026-08-21,7203,Budget
1517,25730,2026-08-17,14148,Premium
1518,25746,2026-08-11,4425,Budget
1519,25765,2026-08-19,11737,Standard
1520,25782,2026-08-16,13112,Luxury
1521,25810,2026-08-04,5593,Standard
1522,25829,2026-08-20,10518,Premium
1523,25853,2026-08-10,12833,Budget
1524,25880,2026-08-12,6694,Budget
1525,25898,2026-08-12,3198,Luxury
1526,25939,2026-08-17,6828,Budget
1527,26061,2026-08-08,7493,Budget
1528,26066,2026-08-15,8965,Premium
1529,26075,2026-08-14,5468,Budget
1530,26083,2026-08-27,11116,Standard
1531,26090,2026-08-08,11094,Budget
1532,26111,2026-08-27,10116,Premium
1533,26114,2026-08-04,2744,Budget
1534,26135,2026-08-23,9078,Budget
1535,26158,2026-08-18,10923,Standard
1536,26159,2026-08-26,7207,Premium
1537,26185,2026-08-18,4993,Standard
1538,26188,2026-08-10,7736,Budget
1539,26224,2026-08-16,8644,Standard
1540,26228,2026-08-05,9046,Standard
1541,26235,2026-08-03,14840,Budget
1542,26239,2026-08-21,2635,Standard
1543,26257,2026-08-08,7360,Budget
1544,26273,2026-08-22,6067,Budget
1545,26323,2026-08-06,8086,Budget
1546,26326,2026-08-21,9363,Standard
1547,26330,2026-08-30,7501,Luxury
1548,26336,2026-08-05,13053,Standard
1549,26340,2026-08-05,5804,Standard
1550,26343,2026-08-20,5341,Premium
1551,26356,2026-08-12,8120,Budget
1552,26383,2026-08-26,7897,Premium
1553,26426,2026-08-15,12992,Budget
1554,26502,2026-08-19,11857,Standard
1555,26527,2026-08-17,4444,Budget
1556,26528,2026-08-16,7290,Premium
1557,26538,2026-08-20,8728,Standard
1558,26540,2026-08-04,12395,Standard
1559,26544,2026-08-25,11639,Standard
1560,26550,2026-08-25,2744,Standard
1561,26557,2026-08-28,2256,Luxury
1562,26604,2026-08-08,12236,Standard
1563,26607,2026-08-08,4742,Standard
1564,26612,2026-08-24,5978,Premium
1565,26624,2026-08-24,10986,Premium
1566,26632,2026-08-09,12069,Standard
1567,26692,2026-08-20,12643,Standard
1568,26704,2026-08-26,10374,Premium
1569,26714,2026-08-09,5656,Premium
1570,26715,2026-08-29,13617,Budget
1571,26716,2026-08-21,10475,Budget
1572,26734,2026-08-19,13058,Budget
1573,26757,2026-08-20,3847,Standard
1574,26776,2026-08-30,5946,Standard
1575,26799,2026-08-19,11737,Standard
1576,26800,2026-08-27,9523,Premium
1577,26810,2026-08-22,6344,Premium
1578,26831,2026-08-30,10492,Standard
1579,26832,2026-08-31,2446,Standard
1580,26842,2026-08-17,2166,Budget
1581,26847,2026-08-15,11716,Standard
1582,26904,2026-08-21,11215,Budget
1583,26910,2026-08-26,13491,Standard
1584,26918,2026-08-13,10785,Premium
1585,26971,2026-08-29,11678,Standard
1586,26984,2026-08-31,4683,Budget
1587,27025,2026-08-21,3129,Budget
1588,27040,2026-08-18,9419,Premium
1589,27041,2026-08-10,13286,Standard
1590,27067,2026-08-27,6692,Budget
1591,27079,2026-08-12,2115,Budget
1592,27082,2026-08-28,6100,Standard
1593,27099,2026-08-13,14979,Standard
1594,27112,2026-08-15,7461,Budget
1595,27113,2026-08-20,10299,Standard
1596,27138,2026-08-21,11204,Budget
1597,27166,2026-08-06,12973,Premium
1598,27195,2026-08-04,4889,Premium
1599,27245,2026-08-22,7913,Standard
1600,27272,2026-08-12,8191,Budget
1601,27314,2026-08-19,9006,Premium
1602,27325,2026-08-03,4851,Standard
1603,27364,2026-08-07,11802,Premium
1604,27367,2026-08-16,13321,Standard
1605,27390,2026-08-26,6615,Standard
1606,27400,2026-08-26,2554,Budget
1607,27410,2026-08-03,9087,Budget
1608,27440,2026-08-20,4496,Budget
1609,27452,2026-08-04,8337,Budget
1610,27510,2026-08-24,14887,Premium
1611,27511,2026-08-13,6944,Standard
1612,27582,2026-08-20,8828,Standard
1613,27629,2026-08-14,4859,Premium
1614,27632,2026-08-19,14395,Budget
1615,27648,2026-08-22,8715,Budget
1616,27664,2026-08-10,10433,Standard
1617,27677,2026-08-14,9349,Budget
1618,27716,2026-08-30,5818,Budget
1619,27724,2026-08-03,14680,Standard
1620,27730,2026-08-15,13755,Budget
1621,27731,2026-08-20,12836,Budget
1622,27738,2026-08-31,14540,Budget
1623,27740,2026-08-27,7665,Premium
1624,27758,2026-08-05,6696,Standard
1625,27808,2026-08-26,11385,Premium
1626,27811,2026-08-22,6135,Premium
1627,27852,2026-08-06,14117,Premium
1628,27854,2026-08-22,8215,Standard
1629,27865,2026-08-17,7073,Premium
1630,27881,2026-08-29,7437,Standard
1631,27886,2026-08-19,13128,Standard
1632,27890,2026-08-09,7676,Premium
1633,27906,2026-08-18,10651,Standard
1634,27916,2026-08-09,6078,Premium
1635,27941,2026-08-26,8807,Budget
1636,27995,2026-08-15,14181,Standard
1637,28015,2026-08-26,10404,Budget
1638,28017,2026-08-17,13946,Standard
1639,28020,2026-08-09,11808,Budget
1640,28031,2026-09-02,12787,Budget
1641,28049,2026-08-23,8048,Premium
1642,28055,2026-08-21,6614,Standard
1643,28062,2026-08-26,8074,Budget
1644,28101,2026-08-08,10034,Standard
1645,28102,2026-08-23,6097,Budget
1646,28160,2026-08-12,10298,Budget
1647,28243,2026-08-04,13172,Standard
1648,28261,2026-08-24,13699,Luxury
1649,28266,2026-08-29,10914,Standard
1650,28285,2026-08-09,13167,Budget
1651,28290,2026-08-21,8691,Premium
1652,28299,2026-08-04,2733,Standard
1653,28322,2026-08-10,10114,Standard
1654,28339,2026-08-25,4671,Standard
1655,28342,2026-08-09,3355,Luxury
1656,28345,2026-08-31,11517,Premium
1657,28374,2026-08-10,5208,Budget
1658,28410,2026-08-11,11988,Budget
1659,28412,2026-08-02,6401,Standard
1660,28424,2026-08-16,8526,Budget
1661,28483,2026-08-21,12588,Premium
1662,28487,2026-08-26,13100,Budget
1663,28503,2026-08-25,5889,Premium
1664,28507,2026-08-21,5128,Standard
1665,28531,2026-08-06,10214,Premium
1666,28556,2026-08-15,2994,Budget
1667,28573,2026-08-30,5034,Premium
1668,28574,2026-08-13,3974,Budget
1669,28581,2026-08-27,4516,Premium
1670,28582,2026-08-14,8535,Budget
1671,28585,2026-08-28,8974,Standard
1672,28596,2026-08-22,2085,Budget
1673,28598,2026-08-11,14257,Budget
1674,28615,2026-08-28,5631,Standard
1675,28643,2026-08-16,10723,Standard
1676,28650,2026-08-16,7368,Budget
1677,28668,2026-08-08,2806,Budget
1678,28681,2026-08-31,14056,Premium
1679,28705,2026-08-26,8858,Standard
1680,28722,2026-08-17,3939,Budget
1681,28753,2026-08-19,13289,Budget
1682,28761,2026-08-27,7233,Premium
1683,28763,2026-08-25,7953,Premium
1684,28780,2026-08-11,7263,Standard
1685,28790,2026-09-01,3295,Standard
1686,28807,2026-08-05,4007,Premium
1687,28808,2026-08-28,10303,Standard
1688,28833,2026-08-04,11789,Budget
1689,28870,2026-08-29,4766,Standard
1690,28893,2026-08-22,6670,Budget
1691,28897,2026-08-24,3850,Standard
1692,28900,2026-08-28,9795,Budget
1693,28912,2026-08-12,7397,Standard
1694,28997,2026-08-17,3059,Standard
1695,29069,2026-08-12,9611,Luxury
1696,29074,2026-08-19,13820,Standard
1697,29083,2026-08-31,12555,Budget
1698,29095,2026-09-03,9835,Standard
1699,29100,2026-09-01,4397,Budget
1700,29144,2026-08-10,6359,Budget
1701,29165,2026-08-15,5712,Premium
1702,29166,2026-08-17,12426,Standard
1703,29184,2026-08-16,14598,Budget
1704,29187,2026-08-30,5050,Standard
1705,29264,2026-08-28,9823,Premium
1706,29284,2026-08-14,5764,Luxury
1707,29302,2026-08-12,12120,Budget
1708,29325,2026-08-18,6812,Standard
1709,29330,2026-08-08,6337,Standard
1710,29341,2026-08-04,5933,Premium
1711,29367,2026-08-05,7319,Standard
1712,29404,2026-08-12,10126,Budget
1713,29413,2026-08-16,10240,Standard
1714,29416,2026-08-24,3679,Budget
1715,29449,2026-08-11,12503,Budget
1716,29464,2026-08-27,4622,Budget
1717,29475,2026-08-25,12752,Budget
1718,29493,2026-08-26,9444,Standard
1719,29498,2026-08-19,14279,Luxury
1720,29512,2026-08-18,7345,Budget
1721,29513,2026-08-24,9645,Standard
1722,29530,2026-08-31,13012,Premium
1723,29546,2026-08-07,8890,Budget
1724,29549,2026-08-04,9281,Budget
1725,29598,2026-08-13,12002,Budget
1726,29642,2026-08-18,2881,Premium
1727,29652,2026-08-09,3543,Budget
1728,29661,2026-08-05,13800,Budget
1729,29708,2026-08-16,14357,Standard
1730,29715,2026-08-27,8668,Budget
1731,29723,2026-08-14,9136,Standard
1732,29746,2026-08-18,9663,Budget
1733,29786,2026-08-16,11651,Standard
1734,29791,2026-08-13,4062,Standard
1735,29798,2026-08-19,8637,Budget
1736,29808,2026-08-10,6764,Luxury
1737,29838,2026-08-30,7416,Standard
1738,29841,2026-08-16,14972,Budget
1739,29843,2026-08-03,6050,Luxury
1740,29867,2026-08-31,11862,Budget
1741,29889,2026-08-25,14074,Budget
1742,29897,2026-08-17,14755,Standard
1743,29910,2026-08-27,7987,Budget
1744,29963,2026-08-16,11468,Budget
1745,29965,2026-08-21,8400,Budget
1746,29968,2026-08-28,3486,Budget
1747,29973,2026-08-24,4517,Budget
1748,29975,2026-08-03,14319,Premium
1749,29980,2026-08-27,9528,Standard
1750,29993,2026-08-26,5949,Premium
1751,30004,2026-08-27,7255,Premium
1752,30010,2026-08-12,4875,Premium
1753,30016,2026-08-22,13405,Budget
1754,30058,2026-08-27,2295,Standard
1755,30077,2026-08-31,13251,Budget
1756,30080,2026-08-02,12539,Luxury
1757,30087,2026-08-14,13178,Standard
1758,30149,2026-08-27,5873,Premium
1759,30161,2026-08-30,11786,Budget
1760,30167,2026-08-02,8326,Standard
1761,30214,2026-09-02,7019,Premium
1762,30261,2026-08-05,6924,Premium
1763,30283,2026-08-26,3255,Standard
1764,30286,2026-08-20,12877,Standard
1765,30309,2026-08-02,11201,Premium
1766,30314,2026-08-19,10466,Budget
1767,30381,2026-08-29,2293,Standard
1768,30386,2026-08-24,3115,Budget
1769,30400,2026-08-11,9220,Standard
1770,30406,2026-08-31,4309,Standard
1771,30407,2026-08-10,12734,Budget
1772,30414,2026-08-23,14546,Budget
1773,30464,2026-08-20,2270,Standard
1774,30465,2026-08-19,3710,Standard
1775,30468,2026-08-24,12816,Budget
1776,30497,2026-08-07,6132,Budget
1777,30540,2026-08-24,2899,Budget
1778,30568,2026-08-26,11240,Standard
1779,30570,2026-08-17,14311,Standard
1780,30585,2026-08-28,6962,Premium
1781,30594,2026-08-29,4729,Standard
1782,30599,2026-08-17,7482,Budget
1783,30637,2026-09-02,8542,Premium
1784,30639,2026-08-24,8937,Budget
1785,30662,2026-08-07,11093,Standard
1786,30669,2026-08-29,9421,Budget
1787,30747,2026-08-30,7099,Budget
1788,30754,2026-08-13,3479,Premium
1789,30782,2026-08-07,14908,Standard
1790,30785,2026-08-22,9133,Budget
1791,30818,2026-08-22,13445,Standard
1792,30834,2026-08-23,12753,Standard
1793,30843,2026-08-30,8880,Budget
1794,30847,2026-08-26,6333,Budget
1795,30861,2026-08-25,4450,Standard
1796,30864,2026-08-22,9351,Budget
1797,30868,2026-08-22,2788,Budget
1798,30871,2026-08-28,11570,Standard
1799,30898,2026-08-27,3290,Budget
1800,30907,2026-08-10,10692,Budget
1801,30915,2026-08-11,2329,Standard
1802,30922,2026-08-17,10627,Standard
1803,30923,2026-08-29,7110,Standard
1804,30931,2026-08-29,5116,Standard
1805,30932,2026-08-20,4036,Premium
1806,30943,2026-08-27,3049,Budget
1807,30962,2026-08-26,3358,Budget
1808,30973,2026-08-30,6849,Standard
1809,30990,2026-08-06,3455,Luxury
1810,31009,2026-08-17,4216,Budget
1811,31011,2026-08-10,8367,Standard
1812,31014,2026-08-03,4405,Budget
1813,31015,2026-08-28,14166,Budget
1814,31021,2026-08-14,4822,Premium
1815,31023,2026-08-09,9195,Standard
1816,31042,2026-08-25,14701,Standard
1817,31071,2026-08-08,2233,Budget
1818,31072,2026-08-20,12568,Budget
1819,31103,2026-08-03,12849,Budget
1820,31105,2026-08-22,14632,Standard
1821,31106,2026-08-25,4881,Standard
1822,31116,2026-08-03,9263,Budget
1823,31122,2026-08-25,7657,Standard
1824,31130,2026-08-15,8470,Budget
1825,31140,2026-08-01,8846,Standard
1826,31195,2026-08-07,13368,Budget
1827,31209,2026-08-15,9645,Budget
1828,31218,2026-08-13,8044,Premium
1829,31226,2026-08-14,6126,Standard
1830,31228,2026-08-03,2386,Premium
1831,31231,2026-08-17,11550,Standard
1832,31258,2026-08-21,8319,Standard
1833,31270,2026-08-29,10600,Premium
1834,31282,2026-08-06,8166,Budget
1835,31308,2026-08-14,5290,Premium
1836,31327,2026-08-18,14167,Premium
1837,31336,2026-08-18,6893,Budget
1838,31379,2026-08-15,9807,Standard
1839,31383,2026-08-05,12099,Standard
1840,31392,2026-08-17,14975,Premium
1841,31408,2026-08-06,7340,Luxury
1842,31415,2026-08-15,11181,Budget
1843,31468,2026-08-21,2255,Standard
1844,31499,2026-08-08,11381,Standard
1845,31563,2026-08-10,5093,Standard
1846,31565,2026-08-07,13846,Standard
1847,31569,2026-08-29,8803,Budget
1848,31573,2026-08-13,8224,Luxury
1849,31596,2026-08-17,6364,Standard
1850,31604,2026-08-29,4449,Budget
1851,31658,2026-08-29,6622,Standard
1852,31664,2026-08-08,13241,Standard
1853,31681,2026-08-19,9638,Budget
1854,31686,2026-08-04,5243,Premium
1855,31731,2026-08-08,10732,Premium
1856,31770,2026-08-13,9173,Budget
1857,31809,2026-08-25,5576,Standard
1858,31834,2026-08-14,14760,Premium
1859,31875,2026-08-25,14667,Budget
1860,31876,2026-08-17,8773,Standard
1861,31886,2026-08-05,5361,Standard
1862,31896,2026-08-14,4796,Premium
1863,31899,2026-08-19,11233,Standard
1864,31935,2026-08-23,13240,Budget
1865,31954,2026-08-26,10546,Standard
1866,31994,2026-08-26,5344,Budget
1867,32016,2026-08-11,8523,Premium
1868,32023,2026-08-06,2939,Premium
1869,32033,2026-08-26,10972,Standard
1870,32047,2026-08-15,13213,Standard
1871,32074,2026-08-12,14956,Standard
1872,32083,2026-08-07,11697,Standard
1873,32100,2026-08-23,13871,Standard
1874,32116,2026-08-16,9599,Budget
1875,32117,2026-08-23,2566,Luxury
1876,32126,2026-08-03,4523,Budget
1877,32129,2026-08-21,7158,Budget
1878,32137,2026-08-20,13504,Luxury
1879,32149,2026-08-08,13570,Budget
1880,32172,2026-08-08,12929,Budget
1881,32196,2026-08-19,5217,Standard
1882,32221,2026-08-28,6254,Premium
1883,32246,2026-08-06,9352,Budget
1884,32287,2026-08-08,6571,Budget
1885,32294,2026-08-18,13270,Standard
1886,32296,2026-08-31,8499,Budget
1887,32356,2026-08-21,5407,Luxury
1888,32367,2026-08-13,7735,Budget
1889,32426,2026-08-22,8183,Budget
1890,32451,2026-08-22,13534,Premium
1891,32480,2026-08-19,10358,Standard
1892,32492,2026-08-04,5229,Budget
1893,32510,2026-08-25,9814,Standard
1894,32538,2026-08-13,3407,Budget
1895,32554,2026-08-27,3735,Budget
1896,32568,2026-08-04,10670,Standard
1897,32575,2026-08-08,13743,Budget
1898,32602,2026-08-04,8014,Standard
1899,32630,2026-08-30,14948,Budget
1900,32638,2026-08-08,3562,Standard
1901,32644,2026-08-04,2873,Luxury
1902,32647,2026-08-19,5323,Budget
1903,32653,2026-08-22,2946,Premium
1904,32671,2026-08-23,3631,Standard
1905,32675,2026-08-22,11505,Standard
1906,32680,2026-09-01,2199,Standard
1907,32691,2026-08-12,8556,Standard
1908,32698,2026-08-22,14980,Premium
1909,32703,2026-09-02,5998,Budget
1910,32707,2026-08-19,8811,Budget
1911,32721,2026-08-13,12726,Standard
1912,32722,2026-08-07,9476,Budget
1913,32744,2026-08-26,11482,Budget
1914,32772,2026-08-24,2071,Budget
1915,32796,2026-08-15,9207,Premium
1916,32810,2026-08-06,3189,Standard
1917,32856,2026-08-20,5551,Budget
1918,32858,2026-08-27,11633,Budget
1919,32863,2026-08-09,13622,Standard
1920,32894,2026-08-13,9150,Standard
1921,32915,2026-08-27,7411,Standard
1922,32922,2026-08-23,6421,Budget
1923,32931,2026-08-11,3092,Standard
1924,32956,2026-08-16,3514,Premium
1925,32966,2026-08-25,2256,Standard
1926,32997,2026-08-04,8343,Standard
1927,32999,2026-08-15,12124,Standard
1928,33005,2026-08-25,4318,Budget
1929,33019,2026-08-15,12987,Standard
1930,33033,2026-08-16,12181,Budget
1931,33069,2026-08-27,7188,Premium
1932,33087,2026-08-14,7409,Premium
1933,33113,2026-08-17,14762,Standard
1934,33178,2026-08-24,8736,Standard
1935,33234,2026-08-27,6903,Standard
1936,33237,2026-08-11,14291,Standard
1937,33246,2026-09-02,14602,Budget
1938,33249,2026-08-15,9680,Premium
1939,33257,2026-09-03,14920,Premium
1940,33275,2026-08-20,8775,Premium
1941,33324,2026-08-09,6449,Budget
1942,33335,2026-08-09,8242,Budget
1943,33348,2026-08-15,12128,Budget
1944,33391,2026-08-21,12283,Premium
1945,33398,2026-08-18,4241,Standard
1946,33420,2026-08-04,9905,Standard
1947,33434,2026-08-29,12282,Premium
1948,33438,2026-08-16,8038,Standard
1949,33447,2026-08-16,4650,Standard
1950,33476,2026-08-07,12131,Budget
1951,33510,2026-08-10,7804,Standard
1952,33549,2026-08-31,9735,Premium
1953,33575,2026-08-10,12224,Budget
1954,33583,2026-08-19,5004,Standard
1955,33594,2026-08-30,3146,Standard
1956,33629,2026-08-28,7244,Premium
1957,33639,2026-08-10,3808,Standard
1958,33678,2026-08-01,10986,Budget
1959,33695,2026-08-09,10092,Standard
1960,33739,2026-08-10,14872,Luxury
1961,33753,2026-08-07,2971,Premium
1962,33775,2026-08-27,6428,Standard
1963,33781,2026-08-19,9455,Budget
1964,33787,2026-08-15,8903,Standard
1965,33797,2026-08-09,13652,Standard
1966,33829,2026-08-31,3556,Standard
1967,33831,2026-08-08,2471,Budget
1968,33845,2026-08-29,4912,Budget
1969,33885,2026-08-07,10985,Premium
1970,33893,2026-08-22,2638,Budget
1971,33917,2026-08-14,11690,Standard
1972,33949,2026-08-11,7830,Standard
1973,33974,2026-08-27,4488,Premium
1974,33999,2026-08-31,5117,Standard
1975,34008,2026-08-26,2626,Standard
1976,34012,2026-08-29,6012,Budget
1977,34023,2026-08-10,14988,Standard
1978,34032,2026-08-23,12734,Standard
1979,34047,2026-08-20,5039,Standard
1980,34056,2026-08-22,12636,Standard
1981,34058,2026-08-08,5293,Budget
1982,34079,2026-08-26,13310,Budget
1983,34086,2026-08-31,13036,Budget
1984,34105,2026-08-23,12951,Premium
1985,34112,2026-08-16,3369,Budget
1986,34125,2026-08-11,3586,Standard
1987,34130,2026-08-09,3278,Luxury
1988,34136,2026-08-11,4106,Budget
1989,34146,2026-08-15,3589,Luxury
1990,34147,2026-08-25,6249,Budget
1991,34161,2026-08-31,5351,Budget
1992,34163,2026-08-06,4350,Premium
1993,34179,2026-08-22,14489,Standard
1994,34209,2026-08-21,9377,Premium
1995,34234,2026-08-26,11762,Budget
1996,34240,2026-08-07,3652,Premium
1997,34244,2026-08-03,12265,Standard
1998,34259,2026-08-24,8473,Budget
1999,34288,2026-08-12,12980,Premium
2000,34345,2026-08-13,11166,Premium
2001,34391,2026-08-11,14242,Standard
2002,34411,2026-08-15,8383,Standard
2003,34412,2026-08-29,14713,Standard
2004,34453,2026-08-15,11840,Budget
2005,34464,2026-08-15,6978,Budget
2006,34466,2026-08-15,9965,Standard
2007,34480,2026-08-11,12361,Standard
2008,34491,2026-08-29,2650,Standard
2009,34496,2026-08-27,9662,Budget
2010,34510,2026-08-26,2749,Standard
2011,34530,2026-08-22,8668,Budget
2012,34532,2026-08-24,5328,Budget
2013,34534,2026-08-26,4525,Budget
2014,34559,2026-08-12,14724,Standard
2015,34563,2026-08-22,3788,Budget
2016,34583,2026-08-08,2873,Budget
2017,34597,2026-08-20,6155,Standard
2018,34599,2026-08-25,8897,Standard
2019,34609,2026-08-14,3006,Standard
2020,34648,2026-08-07,10634,Budget
2021,34655,2026-08-06,14916,Premium
2022,34676,2026-08-20,6178,Premium
2023,34689,2026-08-17,9809,Budget
2024,34693,2026-08-16,2397,Standard
2025,34694,2026-08-27,13525,Budget
2026,34726,2026-08-06,4555,Standard
2027,34741,2026-08-09,11276,Standard
2028,34742,2026-08-05,11444,Budget
2029,34788,2026-08-14,9717,Premium
2030,34790,2026-08-22,4721,Budget
2031,34791,2026-08-16,6101,Budget
2032,34798,2026-08-19,7147,Premium
2033,34803,2026-08-15,6850,Standard
2034,34815,2026-08-18,11151,Standard
2035,34828,2026-08-08,6406,Luxury
2036,34833,2026-08-06,8248,Luxury
2037,34857,2026-08-19,12307,Standard
2038,34886,2026-08-10,8387,Standard
2039,34891,2026-08-11,6360,Standard
2040,34904,2026-08-25,8218,Premium
2041,34948,2026-08-17,5793,Standard
2042,34967,2026-08-25,8859,Standard
2043,34969,2026-08-16,5580,Premium
2044,34975,2026-08-07,9361,Standard
2045,34999,2026-08-06,2631,Premium
2046,35004,2026-08-15,9714,Luxury
2047,35012,2026-08-10,6022,Budget
2048,35036,2026-08-16,9625,Luxury
2049,35038,2026-08-17,8717,Standard
2050,35040,2026-08-19,7908,Budget
2051,35044,2026-08-29,11579,Standard
2052,35047,2026-08-21,2770,Budget
2053,35086,2026-08-30,9267,Premium
2054,35088,2026-08-31,11619,Standard
2055,35096,2026-08-26,3132,Standard
2056,35120,2026-08-02,13662,Standard
2057,35123,2026-08-14,4744,Budget
2058,35131,2026-08-03,6313,Budget
2059,35133,2026-08-29,5077,Premium
2060,35137,2026-08-25,4966,Budget
2061,35149,2026-09-01,14901,Budget
2062,35241,2026-08-17,2084,Standard
2063,35243,2026-08-29,14153,Premium
2064,35252,2026-08-14,3151,Budget
2065,35280,2026-08-17,9996,Premium
2066,35290,2026-08-12,5714,Budget
2067,35295,2026-08-21,5100,Standard
2068,35301,2026-08-10,4443,Standard
2069,35308,2026-09-01,8672,Standard
2070,35342,2026-08-11,3380,Budget
2071,35370,2026-08-03,10078,Budget
2072,35371,2026-08-17,2313,Standard
2073,35376,2026-08-16,8375,Standard
2074,35386,2026-08-20,11578,Standard
2075,35393,2026-08-23,9121,Standard
2076,35407,2026-08-08,8734,Premium
2077,35420,2026-08-24,11321,Standard
2078,35432,2026-08-09,7149,Budget
2079,35437,2026-08-03,4268,Standard
2080,35438,2026-08-07,14827,Standard
2081,35486,2026-08-29,10954,Standard
2082,35490,2026-08-16,12200,Standard
2083,35511,2026-09-01,8657,Premium
2084,35531,2026-08-27,9852,Standard
2085,35556,2026-08-14,3794,Budget
2086,35558,2026-08-12,12478,Budget
2087,35584,2026-08-13,3105,Standard
2088,35604,2026-08-20,2693,Budget
2089,35633,2026-08-30,8492,Luxury
2090,35675,2026-09-02,7882,Standard
2091,35681,2026-08-16,11652,Budget
2092,35693,2026-08-11,5700,Premium
2093,35706,2026-08-27,4250,Budget
2094,35707,2026-08-17,5662,Budget
2095,35726,2026-08-26,11248,Premium
2096,35743,2026-08-05,7543,Budget
2097,35823,2026-08-12,6086,Standard
2098,35841,2026-08-08,9526,Budget
2099,35857,2026-08-11,10602,Premium
2100,35859,2026-08-25,6958,Standard
2101,35871,2026-08-24,2863,Luxury
2102,35882,2026-08-15,4644,Premium
2103,35892,2026-08-09,5751,Luxury
2104,35902,2026-08-23,8692,Budget
2105,35904,2026-08-30,12981,Luxury
2106,35943,2026-08-15,8080,Standard
2107,35966,2026-08-19,7618,Standard
2108,35971,2026-08-25,7393,Budget
2109,36013,2026-08-09,13631,Budget
2110,36054,2026-08-31,13985,Budget
2111,36069,2026-08-29,5845,Budget
2112,36097,2026-08-28,4516,Budget
2113,36126,2026-08-25,3672,Budget
2114,36199,2026-08-23,5335,Standard
2115,36228,2026-08-24,13174,Luxury
2116,36240,2026-08-24,11598,Standard
2117,36253,2026-08-03,7953,Standard
2118,36264,2026-08-21,9233,Standard
2119,36327,2026-08-06,8211,Standard
2120,36329,2026-08-10,6888,Luxury
2121,36348,2026-08-14,11574,Budget
2122,36355,2026-08-18,7966,Premium
2123,36375,2026-08-03,4476,Budget
2124,36382,2026-08-31,8459,Standard
2125,36416,2026-08-17,13504,Luxury
2126,36438,2026-08-30,14039,Budget
2127,36455,2026-08-04,7270,Standard
2128,36510,2026-08-30,3813,Standard
2129,36538,2026-09-03,12141,Budget
2130,36545,2026-08-23,9373,Standard
2131,36549,2026-08-11,7492,Standard
2132,36551,2026-08-17,11636,Standard
2133,36576,2026-08-11,11730,Budget
2134,36587,2026-08-17,7983,Standard
2135,36591,2026-08-18,5473,Standard
2136,36602,2026-08-11,7731,Premium
2137,36636,2026-09-02,4663,Standard
2138,36649,2026-08-28,11226,Standard
2139,36658,2026-09-01,12639,Budget
2140,36668,2026-08-30,12594,Standard
2141,36711,2026-08-21,5244,Budget
2142,36712,2026-08-14,8062,Premium
2143,36742,2026-08-06,8546,Luxury
2144,36750,2026-08-29,3532,Premium
2145,36761,2026-08-21,5013,Standard
2146,36766,2026-08-16,4805,Budget
2147,36793,2026-08-13,4908,Standard
2148,36796,2026-08-19,3962,Budget
2149,36810,2026-08-11,5486,Premium
2150,36821,2026-08-31,10904,Premium
2151,36822,2026-08-05,6183,Standard
2152,36829,2026-08-31,9398,Budget
2153,36836,2026-08-18,11142,Premium
2154,36842,2026-08-11,7220,Standard
2155,36859,2026-08-29,2625,Premium
2156,36861,2026-08-16,4815,Standard
2157,36870,2026-08-29,11305,Standard
2158,36897,2026-08-19,4720,Premium
2159,36902,2026-08-13,7169,Budget
2160,36918,2026-08-14,12753,Standard
2161,36925,2026-08-31,12391,Budget
2162,36949,2026-08-16,9912,Standard
2163,36950,2026-08-07,6409,Standard
2164,36975,2026-08-29,11483,Premium
2165,36988,2026-08-17,6495,Standard
2166,37025,2026-08-23,6912,Premium
2167,37041,2026-08-20,6436,Luxury
2168,37062,2026-08-05,2217,Budget
2169,37085,2026-08-26,6903,Standard
2170,37089,2026-08-05,9230,Premium
2171,37107,2026-08-28,2308,Budget
2172,37118,2026-08-26,7188,Standard
2173,37130,2026-08-31,3958,Premium
2174,37144,2026-08-31,10664,Budget
2175,37179,2026-08-19,10859,Budget
2176,37182,2026-08-04,5917,Premium
2177,37216,2026-09-01,7042,Budget
2178,37229,2026-08-21,4253,Standard
2179,37246,2026-08-11,2810,Budget
2180,37249,2026-08-08,13515,Standard
2181,37265,2026-08-20,3784,Budget
2182,37290,2026-08-14,2294,Budget
2183,37307,2026-08-14,3316,Budget
2184,37312,2026-08-15,12102,Premium
2185,37314,2026-08-16,9021,Budget
2186,37330,2026-08-14,8487,Standard
2187,37375,2026-08-07,2440,Budget
2188,37377,2026-08-24,14540,Budget
2189,37440,2026-08-06,9219,Luxury
2190,37455,2026-08-21,7728,Standard
2191,37463,2026-08-18,3552,Budget
2192,37495,2026-08-07,6308,Budget
2193,37498,2026-09-01,7543,Luxury
2194,37514,2026-08-31,5560,Budget
2195,37516,2026-08-05,7309,Standard
2196,37521,2026-08-13,4771,Premium
2197,37548,2026-08-26,2459,Budget
2198,37562,2026-08-25,14850,Budget
2199,37563,2026-08-30,2087,Budget
2200,37569,2026-08-07,3339,Budget
2201,37588,2026-08-19,2930,Standard
2202,37602,2026-08-26,13348,Budget
2203,37620,2026-08-11,5514,Premium
2204,37643,2026-08-09,2736,Luxury
2205,37649,2026-08-22,2792,Budget
2206,37667,2026-08-19,7928,Standard
2207,37687,2026-08-13,6949,Budget
2208,37695,2026-08-31,4069,Budget
2209,37696,2026-08-28,6559,Standard
2210,37857,2026-08-30,9456,Premium
2211,37867,2026-08-18,8284,Premium
2212,37880,2026-08-26,14303,Standard
2213,37889,2026-08-09,9894,Budget
2214,37942,2026-08-05,10580,Budget
2215,37996,2026-08-31,2840,Premium
2216,38055,2026-08-15,3780,Standard
2217,38056,2026-08-28,14263,Standard
2218,38061,2026-08-25,9536,Budget
2219,38086,2026-08-22,11136,Luxury
2220,38094,2026-08-24,3407,Standard
2221,38184,2026-08-11,4828,Standard
2222,38186,2026-08-20,10566,Premium
2223,38190,2026-08-07,8205,Standard
2224,38203,2026-09-02,11314,Budget
2225,38212,2026-08-25,13342,Standard
2226,38215,2026-08-08,6928,Budget
2227,38231,2026-08-21,7678,Budget
2228,38239,2026-08-07,5532,Budget
2229,38257,2026-08-19,8898,Budget
2230,38281,2026-08-09,6556,Standard
2231,38282,2026-08-18,2044,Standard
2232,38316,2026-08-27,14316,Budget
2233,38321,2026-08-05,10116,Budget
2234,38324,2026-08-22,10658,Standard
2235,38354,2026-08-27,4983,Budget
2236,38365,2026-08-27,14808,Standard
2237,38402,2026-08-24,6123,Standard
2238,38409,2026-08-19,8842,Budget
2239,38417,2026-08-22,5312,Standard
2240,38425,2026-08-30,13681,Standard
2241,38447,2026-08-11,14497,Premium
2242,38496,2026-08-20,14021,Standard
2243,38524,2026-08-13,8362,Premium
2244,38550,2026-08-12,14876,Premium
2245,38568,2026-08-28,14205,Budget
2246,38582,2026-08-19,8591,Standard
2247,38585,2026-08-22,14151,Standard
2248,38598,2026-09-01,5125,Standard
2249,38614,2026-08-22,5565,Budget
2250,38667,2026-08-06,13068,Premium
2251,38668,2026-08-18,2454,Standard
2252,38691,2026-08-06,7392,Standard
2253,38742,2026-08-10,6727,Standard
2254,38793,2026-08-03,9091,Budget
2255,38833,2026-08-25,2637,Premium
2256,38844,2026-08-23,4108,Standard
2257,38853,2026-08-07,11220,Standard
2258,38868,2026-09-01,11567,Standard
2259,38887,2026-08-31,7235,Premium
2260,38893,2026-09-01,14119,Budget
2261,38943,2026-08-12,3011,Standard
2262,38946,2026-08-26,4149,Standard
2263,38952,2026-08-19,12932,Budget
2264,38960,2026-08-06,7167,Premium
2265,38982,2026-08-07,7832,Standard
2266,38989,2026-08-25,6984,Budget
2267,38995,2026-08-21,6802,Standard
2268,38996,2026-08-27,8807,Budget
2269,39031,2026-08-07,3472,Budget
2270,39032,2026-08-08,13621,Budget
2271,39045,2026-08-25,11648,Standard
2272,39098,2026-08-24,3352,Standard
2273,39144,2026-08-03,4110,Budget
2274,39161,2026-08-19,11197,Standard
2275,39197,2026-08-13,2675,Budget
2276,39227,2026-08-10,7820,Budget
2277,39237,2026-08-17,6909,Standard
2278,39290,2026-08-15,6200,Standard
2279,39305,2026-08-07,10623,Premium
2280,39313,2026-08-07,9950,Standard
2281,39327,2026-08-10,6079,Standard
2282,39331,2026-08-27,5113,Standard
2283,39337,2026-08-04,7564,Standard
2284,39358,2026-08-10,8862,Budget
2285,39365,2026-08-21,7357,Premium
2286,39407,2026-08-04,11243,Premium
2287,39416,2026-08-30,14038,Budget
2288,39417,2026-08-15,14184,Premium
2289,39449,2026-08-30,14382,Standard
2290,39462,2026-08-09,9163,Premium
2291,39473,2026-08-09,2156,Budget
2292,39513,2026-08-26,2734,Standard
2293,39544,2026-08-27,13637,Budget
2294,39576,2026-08-08,11586,Budget
2295,39578,2026-08-14,14026,Standard
2296,39599,2026-08-16,3050,Budget
2297,39606,2026-08-29,6386,Standard
2298,39607,2026-08-13,5644,Standard
2299,39624,2026-08-08,11098,Luxury
2300,39634,2026-08-14,3319,Budget
2301,39666,2026-08-30,9583,Standard
2302,39704,2026-08-17,12551,Premium
2303,39709,2026-08-18,12295,Standard
2304,39727,2026-08-29,6754,Budget
2305,39730,2026-08-23,2450,Standard
2306,39741,2026-08-03,14072,Premium
2307,39754,2026-08-17,2584,Luxury
2308,39792,2026-08-17,10861,Budget
2309,39805,2026-08-21,11249,Premium
2310,39810,2026-08-11,11873,Budget
2311,39811,2026-08-20,14575,Standard
2312,39815,2026-08-27,13882,Budget
2313,39821,2026-08-17,3132,Standard
2314,39856,2026-08-27,11004,Standard
2315,39861,2026-08-25,4201,Standard
2316,39883,2026-08-22,5990,Standard
2317,39892,2026-08-30,12804,Standard
2318,39897,2026-08-05,2655,Budget
2319,39946,2026-08-02,14279,Budget
2320,39947,2026-09-02,2474,Standard
2321,39950,2026-08-28,9865,Premium
2322,40004,2026-08-13,11700,Standard
2323,40020,2026-08-06,4779,Budget
2324,40044,2026-08-11,6300,Budget
2325,40091,2026-08-05,12104,Luxury
2326,40103,2026-08-25,11070,Standard
2327,40116,2026-08-08,4830,Standard
2328,40139,2026-09-03,12772,Budget
2329,40141,2026-08-29,12341,Standard
2330,40162,2026-08-07,12988,Premium
2331,40167,2026-08-05,4219,Standard
2332,40174,2026-08-15,10084,Standard
2333,40194,2026-08-15,14151,Premium
2334,40240,2026-08-04,13102,Budget
2335,40280,2026-08-18,14537,Budget
2336,40296,2026-08-07,13448,Premium
2337,40328,2026-08-25,8441,Standard
2338,40344,2026-08-24,2558,Premium
2339,40373,2026-09-01,8686,Standard
2340,40377,2026-08-31,11826,Premium
2341,40382,2026-08-11,11674,Luxury
2342,40399,2026-08-24,14424,Budget
2343,40421,2026-08-22,10939,Premium
2344,40422,2026-08-20,4435,Standard
2345,40439,2026-08-26,2173,Budget
2346,40452,2026-08-24,10919,Standard
2347,40522,2026-08-05,2422,Budget
2348,40544,2026-08-22,14566,Premium
2349,40563,2026-08-05,6707,Budget
2350,40585,2026-08-15,10896,Standard
2351,40591,2026-08-19,5263,Budget
2352,40609,2026-08-29,13980,Premium
2353,40627,2026-08-27,13663,Premium
2354,40628,2026-08-26,3964,Standard
2355,40650,2026-08-28,12271,Standard
2356,40669,2026-08-07,4991,Budget
2357,40673,2026-08-23,9105,Budget
2358,40698,2026-08-04,8347,Budget
2359,40706,2026-08-16,8710,Budget
2360,40710,2026-09-02,8224,Standard
2361,40744,2026-08-31,5857,Standard
2362,40748,2026-08-12,12859,Standard
2363,40763,2026-08-06,10532,Standard
2364,40768,2026-08-15,13276,Standard
2365,40792,2026-09-01,12290,Standard
2366,40807,2026-08-03,8537,Budget
2367,40817,2026-08-27,4634,Premium
2368,40827,2026-08-06,14383,Budget
2369,40839,2026-08-23,9053,Budget
2370,40842,2026-08-26,10873,Standard
2371,40876,2026-08-28,8312,Luxury
2372,40883,2026-08-23,4988,Premium
2373,40884,2026-08-14,10102,Standard
2374,40888,2026-08-31,8304,Standard
2375,40927,2026-08-24,3917,Budget
2376,40935,2026-08-30,13928,Premium
2377,40949,2026-08-27,8366,Standard
2378,40955,2026-08-22,12371,Standard
2379,40959,2026-08-30,7373,Premium
2380,40999,2026-08-10,9972,Premium
2381,41000,2026-08-04,9827,Budget
2382,41034,2026-08-10,6359,Budget
2383,41051,2026-08-31,2355,Standard
2384,41060,2026-08-27,4531,Budget
2385,41080,2026-08-17,12571,Premium
2386,41095,2026-08-16,7759,Budget
2387,41124,2026-08-06,14960,Budget
2388,41195,2026-08-31,8344,Standard
2389,41202,2026-08-17,8779,Premium
2390,41217,2026-08-16,2198,Standard
2391,41225,2026-08-04,14754,Budget
2392,41276,2026-08-15,11355,Budget
2393,41321,2026-08-19,12724,Budget
2394,41347,2026-08-16,7900,Standard
2395,41363,2026-08-10,11231,Budget
2396,41385,2026-09-01,7431,Budget
2397,41440,2026-09-01,14827,Budget
2398,41448,2026-08-19,4102,Standard
2399,41456,2026-08-15,5602,Premium
2400,41457,2026-08-19,10660,Budget
2401,41462,2026-08-25,8368,Standard
2402,41505,2026-08-18,9634,Premium
2403,41506,2026-08-15,3628,Budget
2404,41570,2026-08-27,2630,Standard
2405,41626,2026-08-12,5567,Premium
2406,41646,2026-08-26,9933,Standard
2407,41647,2026-08-01,8141,Premium
2408,41659,2026-08-09,10354,Budget
2409,41695,2026-08-29,10840,Standard
2410,41720,2026-08-25,6487,Premium
2411,41737,2026-08-08,9051,Premium
2412,41754,2026-08-27,6677,Standard
2413,41766,2026-08-18,10796,Standard
2414,41772,2026-08-24,2233,Standard
2415,41808,2026-08-20,9157,Premium
2416,41876,2026-08-21,3306,Premium
2417,41913,2026-08-12,2165,Premium
2418,41935,2026-08-04,13978,Budget
2419,41941,2026-08-22,13962,Standard
2420,41967,2026-08-19,14598,Premium
2421,41983,2026-08-21,11158,Premium
2422,41993,2026-08-24,3782,Budget
2423,42045,2026-08-25,8849,Standard
2424,42053,2026-08-22,9614,Budget
2425,42100,2026-08-11,7524,Luxury
2426,42114,2026-09-01,6709,Budget
2427,42129,2026-08-29,6404,Standard
2428,42145,2026-09-01,4800,Budget
2429,42178,2026-08-09,14205,Standard
2430,42190,2026-08-28,10606,Premium
2431,42192,2026-08-29,14254,Budget
2432,42209,2026-08-22,9075,Budget
2433,42219,2026-08-30,12539,Budget
2434,42235,2026-08-16,5005,Premium
2435,42248,2026-09-01,3551,Budget
2436,42257,2026-08-12,7152,Standard
2437,42260,2026-08-28,5431,Standard
2438,42294,2026-08-03,10424,Budget
2439,42297,2026-08-22,6433,Budget
2440,42357,2026-08-17,14555,Standard
2441,42418,2026-08-04,7288,Standard
2442,42447,2026-08-28,4232,Standard
2443,42451,2026-08-15,10665,Budget
2444,42452,2026-08-20,7136,Standard
2445,42477,2026-08-30,3950,Budget
2446,42489,2026-08-11,7970,Standard
2447,42490,2026-08-04,13856,Premium
2448,42515,2026-08-20,12937,Budget
2449,42566,2026-08-23,13544,Standard
2450,42578,2026-08-05,9653,Standard
2451,42580,2026-08-10,14102,Premium
2452,42607,2026-09-02,11968,Budget
2453,42608,2026-08-26,9439,Budget
2454,42624,2026-08-18,4605,Premium
2455,42636,2026-08-23,8383,Standard
2456,42646,2026-08-30,7261,Budget
2457,42666,2026-08-26,7425,Premium
2458,42682,2026-08-09,6981,Budget
2459,42703,2026-08-30,3317,Budget
2460,42704,2026-08-25,7075,Budget
2461,42723,2026-08-16,2186,Budget
2462,42733,2026-08-17,2462,Budget
2463,42766,2026-08-10,10900,Standard
2464,42785,2026-08-12,10384,Budget
2465,42802,2026-08-09,14578,Budget
2466,42816,2026-08-10,4450,Premium
2467,42822,2026-08-07,13133,Budget
2468,42828,2026-08-18,14886,Premium
2469,42831,2026-08-20,9153,Luxury
2470,42908,2026-08-16,12274,Premium
2471,43005,2026-08-02,13014,Standard
2472,43028,2026-08-05,11125,Budget
2473,43038,2026-08-25,7625,Standard
2474,43040,2026-09-01,8232,Premium
2475,43043,2026-08-14,4149,Budget
2476,43052,2026-08-30,10430,Standard
2477,43073,2026-08-09,13303,Budget
2478,43095,2026-09-01,3758,Budget
2479,43103,2026-08-20,5200,Budget
2480,43112,2026-08-02,13515,Luxury
2481,43174,2026-08-25,9992,Premium
2482,43198,2026-08-04,3590,Budget
2483,43227,2026-08-10,3883,Premium
2484,43233,2026-08-23,14091,Premium
2485,43248,2026-08-09,3028,Premium
2486,43255,2026-08-03,5054,Standard
2487,43268,2026-08-03,11538,Budget
2488,43328,2026-08-14,10402,Standard
2489,43336,2026-08-24,12741,Premium
2490,43352,2026-08-23,6721,Luxury
2491,43398,2026-08-15,6450,Budget
2492,43403,2026-09-01,9380,Standard
2493,43423,2026-08-21,7581,Budget
2494,43424,2026-08-18,3245,Budget
2495,43427,2026-08-16,9276,Budget
2496,43429,2026-08-14,2219,Budget
2497,43467,2026-08-17,8078,Premium
2498,43500,2026-08-15,13441,Budget
2499,43504,2026-08-13,2359,Standard
2500,43526,2026-08-30,2441,Premium
2501,43538,2026-08-14,9109,Budget
2502,43556,2026-08-04,3802,Standard
2503,43577,2026-08-15,10923,Budget
2504,43589,2026-08-24,10523,Standard
2505,43619,2026-08-18,4538,Standard
2506,43665,2026-09-03,13899,Budget
2507,43708,2026-08-03,3085,Standard
2508,43765,2026-08-05,10235,Budget
2509,43774,2026-08-27,14045,Standard
2510,43794,2026-08-13,14974,Budget
2511,43798,2026-08-01,7594,Standard
2512,43806,2026-08-11,5433,Luxury
2513,43848,2026-08-31,12584,Premium
2514,43862,2026-08-11,12365,Budget
2515,43874,2026-08-26,13386,Budget
2516,43886,2026-08-03,9398,Standard
2517,43890,2026-08-22,2460,Standard
2518,43911,2026-08-06,14919,Budget
2519,43934,2026-08-03,6814,Standard
2520,43941,2026-08-06,3365,Standard
2521,43952,2026-08-06,13221,Standard
2522,43953,2026-08-29,12490,Budget
2523,43963,2026-08-03,3000,Standard
2524,43967,2026-08-28,9802,Premium
2525,43985,2026-08-25,14847,Budget
2526,43993,2026-08-09,13766,Budget
2527,44021,2026-08-22,11243,Premium
2528,44033,2026-08-24,5529,Budget
2529,44043,2026-08-21,2926,Premium
2530,44048,2026-08-26,5809,Premium
2531,44057,2026-08-07,11847,Budget
2532,44075,2026-08-14,7640,Standard
2533,44079,2026-08-30,5910,Standard
2534,44096,2026-08-20,2356,Budget
2535,44097,2026-08-23,12086,Standard
2536,44111,2026-08-06,9548,Standard
2537,44130,2026-08-21,8435,Premium
2538,44150,2026-08-08,12611,Standard
2539,44157,2026-08-05,3627,Premium
2540,44158,2026-08-28,2015,Premium
2541,44161,2026-08-09,12098,Budget
2542,44164,2026-08-19,6963,Standard
2543,44167,2026-08-27,10795,Budget
2544,44181,2026-08-19,9690,Budget
2545,44196,2026-08-10,12609,Budget
2546,44232,2026-08-13,12386,Standard
2547,44240,2026-08-29,11286,Budget
2548,44302,2026-08-30,12944,Luxury
2549,44307,2026-09-01,10198,Budget
2550,44317,2026-08-07,11340,Premium
2551,44334,2026-09-01,11519,Standard
2552,44348,2026-08-10,6794,Premium
2553,44362,2026-08-24,8675,Budget
2554,44366,2026-08-12,4526,Budget
2555,44367,2026-08-02,10004,Budget
2556,44371,2026-08-11,13296,Standard
2557,44400,2026-08-13,2834,Standard
2558,44416,2026-08-18,10471,Standard
2559,44440,2026-08-18,3525,Standard
2560,44477,2026-08-14,14396,Standard
2561,44480,2026-08-22,9368,Budget
2562,44556,2026-08-30,3646,Standard
2563,44610,2026-08-07,9828,Premium
2564,44618,2026-08-13,12053,Luxury
2565,44620,2026-08-12,9101,Budget
2566,44634,2026-08-27,14497,Budget
2567,44644,2026-08-14,8533,Standard
2568,44658,2026-08-19,2294,Luxury
2569,44661,2026-08-18,14061,Standard
2570,44688,2026-08-08,5385,Premium
2571,44698,2026-08-02,14933,Budget
2572,44705,2026-08-21,5297,Budget
2573,44718,2026-08-12,10443,Budget
2574,44725,2026-08-18,9141,Luxury
2575,44736,2026-08-05,7646,Budget
2576,44756,2026-08-24,9780,Standard
2577,44765,2026-08-29,2317,Standard
2578,44767,2026-08-31,2208,Standard
2579,44788,2026-08-17,14828,Budget
2580,44797,2026-08-07,12186,Budget
2581,44812,2026-08-09,14101,Budget
2582,44850,2026-08-14,11462,Budget
2583,44863,2026-08-30,14627,Standard
2584,44876,2026-08-21,4252,Budget
2585,44886,2026-09-01,5287,Standard
2586,44920,2026-08-06,8671,Luxury
2587,44925,2026-08-03,7118,Premium
2588,44949,2026-08-18,8283,Standard
2589,44970,2026-08-28,10052,Budget
2590,45030,2026-08-16,14639,Budget
2591,45034,2026-08-04,3547,Budget
2592,45054,2026-08-08,11837,Budget
2593,45078,2026-08-02,2022,Budget
2594,45101,2026-08-11,13865,Standard
2595,45134,2026-08-29,7051,Standard
2596,45151,2026-08-16,12536,Budget
2597,45161,2026-08-24,11624,Budget
2598,45164,2026-08-04,2582,Budget
2599,45190,2026-08-14,11281,Standard
2600,45193,2026-08-10,5922,Standard
2601,45200,2026-08-05,12863,Budget
2602,45202,2026-08-11,11327,Premium
2603,45206,2026-08-11,7004,Premium
2604,45235,2026-09-01,4412,Budget
2605,45268,2026-08-05,10547,Premium
2606,45289,2026-08-20,13579,Standard
2607,45305,2026-08-18,6453,Budget
2608,45330,2026-08-04,6408,Premium
2609,45352,2026-08-05,5372,Premium
2610,45394,2026-08-06,14485,Budget
2611,45423,2026-08-26,8217,Budget
2612,45434,2026-08-27,14622,Standard
2613,45458,2026-08-24,11296,Standard
2614,45584,2026-08-12,14763,Budget
2615,45593,2026-08-16,4958,Standard
2616,45596,2026-08-21,6684,Premium
2617,45607,2026-08-20,8533,Premium
2618,45616,2026-08-17,14152,Premium
2619,45644,2026-08-24,4220,Standard
2620,45647,2026-08-16,12185,Standard
2621,45648,2026-08-21,9018,Budget
2622,45652,2026-08-05,2732,Standard
2623,45662,2026-08-15,10217,Premium
2624,45694,2026-08-05,9028,Standard
2625,45718,2026-08-29,10699,Budget
2626,45734,2026-08-26,12746,Budget
2627,45762,2026-08-30,7024,Budget
2628,45774,2026-09-02,13637,Budget
2629,45827,2026-08-10,7104,Standard
2630,45831,2026-08-13,9028,Budget
2631,45834,2026-08-19,13174,Budget
2632,45852,2026-08-08,11067,Standard
2633,45879,2026-09-02,12205,Budget
2634,45883,2026-08-23,4001,Standard
2635,45886,2026-09-01,6714,Standard
2636,45931,2026-08-03,6627,Budget
2637,45941,2026-08-06,12025,Standard
2638,45949,2026-08-11,7130,Premium
2639,45954,2026-08-14,3550,Premium
2640,45960,2026-08-29,7993,Standard
2641,45962,2026-08-20,10869,Budget
2642,45964,2026-08-20,12159,Budget
2643,45975,2026-08-25,3058,Standard
2644,45980,2026-08-25,3309,Standard
2645,45985,2026-08-25,12418,Standard
2646,45987,2026-08-10,7704,Standard
2647,46011,2026-08-15,12987,Standard
2648,46022,2026-08-06,3685,Standard
2649,46040,2026-08-27,4866,Premium
2650,46042,2026-08-28,2792,Budget
2651,46060,2026-08-16,11308,Standard
2652,46064,2026-08-19,14740,Premium
2653,46099,2026-08-22,3341,Budget
2654,46152,2026-08-20,7674,Standard
2655,46154,2026-08-25,11470,Standard
2656,46158,2026-08-21,6616,Standard
2657,46167,2026-08-22,14751,Standard
2658,46181,2026-08-27,6663,Premium
2659,46203,2026-08-14,11511,Standard
2660,46216,2026-09-01,13470,Budget
2661,46217,2026-08-09,11061,Premium
2662,46234,2026-08-22,11566,Standard
2663,46256,2026-08-08,14007,Standard
2664,46275,2026-08-18,8842,Premium
2665,46278,2026-08-29,7442,Budget
2666,46346,2026-08-18,2620,Premium
2667,46361,2026-08-17,2370,Standard
2668,46388,2026-08-19,4463,Budget
2669,46390,2026-08-17,14380,Premium
2670,46412,2026-08-20,10144,Premium
2671,46426,2026-08-20,2714,Premium
2672,46463,2026-08-20,3898,Budget
2673,46466,2026-08-11,8307,Premium
2674,46472,2026-08-26,3806,Budget
2675,46475,2026-08-02,10808,Standard
2676,46493,2026-08-22,3508,Luxury
2677,46508,2026-08-27,2658,Premium
2678,46570,2026-08-31,10087,Premium
2679,46581,2026-08-28,4881,Budget
2680,46598,2026-08-26,8594,Budget
2681,46605,2026-08-05,10558,Standard
2682,46612,2026-08-10,5689,Budget
2683,46624,2026-08-28,5252,Budget
2684,46627,2026-08-11,4621,Budget
2685,46639,2026-08-29,8779,Standard
2686,46647,2026-08-14,9926,Luxury
2687,46653,2026-08-11,13787,Premium
2688,46661,2026-08-09,10749,Premium
2689,46680,2026-08-10,6253,Budget
2690,46697,2026-08-25,5935,Standard
2691,46708,2026-08-30,5757,Luxury
2692,46720,2026-08-31,2354,Premium
2693,46727,2026-08-11,8477,Budget
2694,46730,2026-08-07,12472,Budget
2695,46749,2026-08-25,10375,Premium
2696,46750,2026-08-26,6215,Luxury
2697,46754,2026-08-29,7829,Luxury
2698,46771,2026-08-23,4956,Standard
2699,46778,2026-08-13,10059,Standard
2700,46782,2026-08-09,14052,Budget
2701,46802,2026-08-28,13264,Budget
2702,46803,2026-08-09,3540,Standard
2703,46825,2026-08-28,11716,Budget
2704,46844,2026-08-28,12080,Budget
2705,46853,2026-08-15,14019,Standard
2706,46865,2026-08-03,10687,Standard
2707,46885,2026-08-21,14558,Premium
2708,46930,2026-08-18,5499,Standard
2709,46942,2026-08-19,12718,Budget
2710,46975,2026-08-16,10891,Standard
2711,46976,2026-08-30,11287,Standard
2712,47027,2026-09-02,12421,Standard
2713,47038,2026-08-31,10120,Budget
2714,47063,2026-08-26,6988,Standard
2715,47067,2026-08-06,2819,Standard
2716,47075,2026-08-09,10065,Budget
2717,47079,2026-09-02,2600,Standard
2718,47080,2026-08-03,10104,Premium
2719,47103,2026-08-24,6747,Standard
2720,47137,2026-09-02,8871,Premium
2721,47186,2026-08-31,3701,Standard
2722,47190,2026-08-28,8174,Budget
2723,47223,2026-08-13,9924,Standard
2724,47227,2026-08-03,6679,Standard
2725,47235,2026-08-20,8914,Budget
2726,47332,2026-08-11,2525,Budget
2727,47335,2026-09-03,5897,Budget
2728,47367,2026-08-16,11286,Premium
2729,47371,2026-08-31,6035,Standard
2730,47377,2026-08-02,2108,Premium
2731,47380,2026-08-29,13130,Premium
2732,47390,2026-08-31,2677,Budget
2733,47392,2026-08-09,2290,Budget
2734,47409,2026-08-10,13429,Standard
2735,47410,2026-08-15,10996,Budget
2736,47416,2026-08-27,6087,Budget
2737,47482,2026-08-26,3389,Premium
2738,47496,2026-08-31,5180,Standard
2739,47501,2026-08-19,9710,Budget
2740,47555,2026-08-15,13814,Standard
2741,47575,2026-08-16,9348,Standard
2742,47591,2026-08-09,10459,Standard
2743,47642,2026-08-06,14555,Budget
2744,47648,2026-08-28,5646,Standard
2745,47649,2026-08-19,2361,Luxury
2746,47664,2026-08-12,7708,Budget
2747,47667,2026-08-08,12772,Budget
2748,47699,2026-08-06,14820,Budget
2749,47702,2026-08-07,4504,Budget
2750,47717,2026-08-13,3091,Budget
2751,47733,2026-08-08,13457,Standard
2752,47760,2026-08-13,12843,Standard
2753,47764,2026-08-10,4633,Budget
2754,47794,2026-09-01,4168,Budget
2755,47798,2026-08-03,3244,Budget
2756,47819,2026-08-20,4606,Standard
2757,47825,2026-08-21,7810,Luxury
2758,47835,2026-08-15,3679,Standard
2759,47855,2026-08-20,5029,Standard
2760,47865,2026-08-09,8393,Luxury
2761,47879,2026-08-04,8973,Budget
2762,47914,2026-08-31,12585,Standard
2763,47916,2026-08-14,6782,Standard
2764,47925,2026-08-30,5814,Budget
2765,47938,2026-08-05,2209,Standard
2766,47942,2026-08-29,10675,Premium
2767,47958,2026-08-19,14606,Budget
2768,47986,2026-08-08,2074,Standard
2769,48020,2026-08-15,3204,Standard
2770,48023,2026-08-23,14117,Premium
2771,48076,2026-08-18,11155,Standard
2772,48082,2026-08-02,14754,Standard
2773,48089,2026-08-04,7401,Luxury
2774,48091,2026-08-12,4666,Standard
2775,48097,2026-08-24,5408,Premium
2776,48099,2026-08-12,14137,Budget
2777,48105,2026-08-17,12444,Budget
2778,48132,2026-08-13,13564,Budget
2779,48136,2026-08-20,10013,Standard
2780,48152,2026-08-18,10024,Budget
2781,48176,2026-08-19,11395,Standard
2782,48197,2026-08-03,3696,Budget
2783,48263,2026-08-19,10615,Premium
2784,48278,2026-08-06,14420,Premium
2785,48300,2026-08-24,13829,Budget
2786,48341,2026-08-15,8408,Premium
2787,48345,2026-08-16,5113,Budget
2788,48354,2026-08-20,3932,Premium
2789,48358,2026-08-23,5373,Standard
2790,48372,2026-08-22,2080,Standard
2791,48384,2026-08-17,4094,Standard
2792,48387,2026-08-07,6979,Standard
2793,48418,2026-08-30,8496,Budget
2794,48440,2026-08-12,12027,Standard
2795,48448,2026-08-15,2898,Premium
2796,48468,2026-08-21,3011,Standard
2797,48474,2026-08-21,2993,Standard
2798,48487,2026-08-08,13195,Standard
2799,48537,2026-08-06,5811,Premium
2800,48561,2026-08-25,7777,Standard
2801,48570,2026-08-28,2401,Standard
2802,48586,2026-08-16,13800,Standard
2803,48587,2026-08-02,14450,Budget
2804,48633,2026-08-27,5186,Budget
2805,48647,2026-08-05,11306,Standard
2806,48655,2026-08-10,11136,Standard
2807,48661,2026-08-22,12109,Budget
2808,48668,2026-08-06,8524,Standard
2809,48674,2026-08-25,14637,Premium
2810,48712,2026-08-31,5875,Premium
2811,48725,2026-08-14,9829,Standard
2812,48738,2026-08-21,12053,Premium
2813,48772,2026-08-31,11432,Standard
2814,48788,2026-08-06,7224,Premium
2815,48791,2026-08-27,14291,Standard
2816,48814,2026-08-26,4427,Budget
2817,48818,2026-08-10,12856,Standard
2818,48848,2026-08-31,11760,Standard
2819,48865,2026-08-11,12085,Budget
2820,48882,2026-08-21,11577,Budget
2821,48904,2026-08-11,6945,Budget
2822,48909,2026-08-10,10831,Standard
2823,48925,2026-08-07,14982,Premium
2824,48952,2026-08-24,10315,Premium
2825,48968,2026-08-19,9793,Premium
2826,48977,2026-08-12,8408,Standard
2827,48981,2026-08-20,9245,Budget
2828,49002,2026-08-07,9621,Standard
2829,49009,2026-08-24,10938,Premium
2830,49022,2026-08-24,10614,Standard
2831,49047,2026-08-12,12919,Luxury
2832,49085,2026-08-13,13287,Budget
2833,49088,2026-08-23,8696,Standard
2834,49113,2026-08-29,2674,Premium
2835,49114,2026-08-20,4785,Standard
2836,49156,2026-08-11,6388,Luxury
2837,49163,2026-08-04,14687,Budget
2838,49177,2026-08-05,4321,Standard
2839,49182,2026-08-09,10784,Premium
2840,49208,2026-08-27,2999,Standard
2841,49234,2026-08-07,6720,Standard
2842,49287,2026-08-31,4274,Budget
2843,49338,2026-08-18,10115,Standard
2844,49353,2026-08-14,6001,Standard
2845,49402,2026-08-23,6347,Standard
2846,49411,2026-08-27,7023,Standard
2847,49417,2026-08-15,12667,Premium
2848,49420,2026-08-31,13575,Budget
2849,49431,2026-08-28,3368,Budget
2850,49449,2026-08-30,13117,Budget
2851,49456,2026-08-22,9432,Premium
2852,49474,2026-08-26,11549,Standard
2853,49497,2026-08-30,8139,Budget
2854,49530,2026-08-13,14941,Standard
2855,49575,2026-08-22,11923,Standard
2856,49689,2026-08-05,8646,Budget
2857,49693,2026-08-24,13815,Standard
2858,49703,2026-08-06,12414,Premium
2859,49708,2026-08-11,3283,Standard
2860,49749,2026-09-01,14459,Budget
2861,49778,2026-08-19,13017,Standard
2862,49814,2026-08-22,3450,Budget
2863,49832,2026-08-25,7203,Standard
2864,49862,2026-08-14,8465,Standard
2865,49903,2026-08-06,7938,Luxury
2866,49926,2026-08-22,9266,Standard
2867,49942,2026-08-18,7487,Standard
2868,49949,2026-08-11,14768,Budget
2869,49954,2026-08-10,10441,Standard
2870,49968,2026-08-10,3955,Budget
2871,49986,2026-08-30,14675,Standard
2872,50008,2026-08-19,4187,Standard
2873,50011,2026-08-21,9848,Premium
2874,50053,2026-08-07,7587,Luxury
2875,50087,2026-08-06,2172,Budget
2876,50096,2026-09-03,12744,Standard
2877,50130,2026-08-12,10108,Standard
2878,50141,2026-09-01,4588,Standard
2879,50147,2026-08-12,5083,Budget
2880,50153,2026-08-10,4501,Budget
2881,50174,2026-08-18,11464,Budget
2882,50178,2026-08-21,3400,Premium
2883,50181,2026-08-23,9882,Budget
2884,50187,2026-08-09,7118,Standard
2885,50193,2026-08-24,8232,Premium
2886,50233,2026-08-26,6217,Premium
2887,50234,2026-08-13,11320,Standard
2888,50247,2026-08-07,5273,Standard
2889,50255,2026-08-23,2738,Premium
2890,50260,2026-08-22,4454,Budget
2891,50272,2026-08-27,13679,Standard
2892,50284,2026-08-23,4293,Budget
2893,50289,2026-08-23,8368,Luxury
2894,50296,2026-08-26,3025,Standard
2895,50309,2026-08-06,5205,Premium
2896,50320,2026-08-31,14013,Premium
2897,50322,2026-08-30,5135,Budget
2898,50327,2026-08-06,12584,Standard
2899,50331,2026-08-19,14943,Standard
2900,50339,2026-08-24,3662,Premium
2901,50343,2026-08-19,14007,Standard
2902,50359,2026-08-11,6062,Luxury
2903,50409,2026-08-18,9617,Standard
2904,50427,2026-08-20,6516,Standard
2905,50437,2026-08-15,8219,Premium
2906,50482,2026-08-26,4146,Standard
2907,50483,2026-08-04,12133,Budget
2908,50517,2026-08-24,11009,Premium
2909,50531,2026-08-13,7430,Budget
2910,50534,2026-08-10,3052,Budget
2911,50565,2026-08-16,8661,Premium
2912,50620,2026-08-20,6275,Standard
2913,50631,2026-08-30,12150,Standard
2914,50633,2026-08-25,4259,Budget
2915,50637,2026-08-27,10354,Standard
2916,50644,2026-08-28,2802,Budget
2917,50655,2026-08-14,6159,Standard
2918,50689,2026-08-17,11619,Standard
2919,50696,2026-08-26,7077,Standard
2920,50697,2026-08-24,12471,Standard
2921,50742,2026-08-25,7974,Budget
2922,50751,2026-09-01,3317,Luxury
2923,50761,2026-08-14,5179,Standard
2924,50792,2026-08-21,8988,Standard
2925,50795,2026-08-24,5172,Premium
2926,50822,2026-08-16,7302,Premium
2927,50825,2026-08-23,10118,Standard
2928,50826,2026-08-19,5987,Budget
2929,50862,2026-08-10,7354,Standard
2930,50896,2026-08-30,8607,Budget
2931,50921,2026-08-17,6850,Luxury
2932,50941,2026-08-12,14350,Budget
2933,50964,2026-08-26,2355,Premium
2934,50993,2026-08-16,12081,Budget
2935,50995,2026-08-09,10024,Standard
2936,50997,2026-08-31,4307,Premium
2937,51020,2026-08-28,13994,Budget
2938,51032,2026-08-10,7725,Standard
2939,51043,2026-08-07,14972,Budget
2940,51047,2026-09-01,10314,Standard
2941,51184,2026-08-04,11591,Standard
2942,51197,2026-08-04,10591,Budget
2943,51222,2026-08-13,13676,Budget
2944,51267,2026-08-23,9411,Premium
2945,51269,2026-08-12,2135,Standard
2946,51293,2026-08-13,2714,Budget
2947,51325,2026-08-13,6728,Budget
2948,51369,2026-08-18,14921,Premium
2949,51432,2026-08-15,12473,Budget
2950,51461,2026-08-24,2051,Premium
2951,51476,2026-08-06,4651,Budget
2952,51484,2026-08-10,13284,Standard
2953,51490,2026-08-19,3314,Standard
2954,51493,2026-08-14,11842,Standard
2955,51522,2026-08-06,3342,Standard
2956,51524,2026-08-20,9459,Budget
2957,51546,2026-08-22,2595,Budget
2958,51552,2026-08-12,2909,Budget
2959,51585,2026-08-02,4172,Budget
2960,51587,2026-08-26,6970,Budget
2961,51612,2026-08-05,11527,Budget
2962,51618,2026-08-09,10457,Budget
2963,51622,2026-08-28,3455,Premium
2964,51645,2026-08-06,5300,Standard
2965,51667,2026-08-16,2057,Budget
2966,51671,2026-08-08,12368,Budget
2967,51674,2026-08-30,7939,Standard
2968,51690,2026-08-29,5454,Premium
2969,51773,2026-08-26,13381,Standard
2970,51790,2026-08-18,5953,Standard
2971,51791,2026-08-23,5879,Standard
2972,51833,2026-08-21,9009,Budget
2973,51835,2026-08-10,11487,Standard
2974,51843,2026-08-30,14447,Budget
2975,51877,2026-08-06,4381,Budget
2976,51896,2026-08-24,4326,Standard
2977,51929,2026-08-25,13959,Standard
2978,51936,2026-08-08,5356,Budget
2979,51937,2026-08-27,2071,Standard
2980,51942,2026-08-17,8568,Budget
2981,51946,2026-08-21,12712,Standard
2982,51971,2026-08-11,7540,Standard
2983,51978,2026-08-27,14742,Budget
2984,51984,2026-08-18,8911,Standard
2985,52000,2026-08-04,9374,Premium
2986,52017,2026-08-25,11932,Standard
2987,52018,2026-08-13,3700,Standard
2988,52019,2026-08-11,4352,Budget
2989,52032,2026-08-28,14948,Standard
2990,52036,2026-08-25,10697,Premium
2991,52044,2026-08-29,6113,Premium
2992,52051,2026-08-04,13974,Standard
2993,52058,2026-08-29,8476,Budget
2994,52064,2026-08-16,7956,Standard
2995,52068,2026-08-04,3940,Premium
2996,52081,2026-08-16,9112,Standard
2997,52090,2026-08-10,11210,Budget
2998,52103,2026-08-14,14554,Standard
2999,52117,2026-08-23,12284,Budget
3000,52128,2026-08-24,4977,Budget
3001,52170,2026-08-08,14617,Standard
3002,52172,2026-08-28,2954,Budget
3003,52176,2026-08-28,6435,Standard
3004,52184,2026-08-13,2898,Standard
3005,52221,2026-08-05,3866,Budget
3006,52235,2026-08-21,12628,Budget
3007,52242,2026-08-13,10823,Standard
3008,52250,2026-08-31,13058,Standard
3009,52267,2026-08-15,5078,Standard
3010,52271,2026-08-27,9037,Standard
3011,52281,2026-08-06,4804,Budget
3012,52293,2026-08-07,3720,Budget
3013,52302,2026-08-15,8121,Premium
3014,52349,2026-08-12,2580,Standard
3015,52353,2026-08-31,11675,Premium
3016,52357,2026-08-03,2816,Budget
3017,52374,2026-08-13,2671,Standard
3018,52420,2026-08-21,9811,Standard
3019,52421,2026-08-31,11586,Standard
3020,52422,2026-08-09,3295,Budget
3021,52455,2026-08-09,3284,Budget
3022,52457,2026-08-04,3226,Standard
3023,52464,2026-08-14,9409,Standard
3024,52474,2026-08-04,13522,Premium
3025,52480,2026-08-03,3085,Budget
3026,52495,2026-08-12,8796,Standard
3027,52527,2026-08-18,14855,Budget
3028,52561,2026-08-25,11095,Standard
3029,52587,2026-08-09,7499,Budget
3030,52590,2026-08-31,2795,Premium
3031,52607,2026-08-23,10582,Premium
3032,52615,2026-08-28,3641,Standard
3033,52633,2026-08-18,14613,Standard
3034,52635,2026-08-31,3771,Budget
3035,52638,2026-08-09,5764,Standard
3036,52646,2026-08-18,13850,Budget
3037,52656,2026-08-08,13415,Budget
3038,52663,2026-08-17,6713,Premium
3039,52681,2026-08-23,7424,Standard
3040,52713,2026-08-11,11910,Standard
3041,52715,2026-08-05,4349,Luxury
3042,52726,2026-08-14,6047,Standard
3043,52741,2026-08-26,11442,Standard
3044,52764,2026-08-24,11842,Standard
3045,52812,2026-08-18,5040,Standard
3046,52824,2026-08-09,7047,Premium
3047,52895,2026-08-29,6849,Standard
3048,52905,2026-08-26,4778,Standard
3049,52906,2026-08-12,6287,Standard
3050,52938,2026-08-08,7184,Standard
3051,52950,2026-08-17,14750,Standard
3052,52989,2026-09-01,13718,Standard
3053,53002,2026-08-04,10851,Standard
3054,53038,2026-08-12,4154,Luxury
3055,53045,2026-08-30,6792,Standard
3056,53047,2026-08-30,11551,Standard
3057,53085,2026-08-03,12770,Premium
3058,53107,2026-08-24,8080,Budget
3059,53109,2026-08-05,11788,Standard
3060,53120,2026-08-18,8821,Budget
3061,53139,2026-08-19,5578,Budget
3062,53141,2026-08-31,12512,Premium
3063,53185,2026-08-28,14083,Budget
3064,53196,2026-08-11,8926,Budget
3065,53210,2026-09-02,9925,Standard
3066,53221,2026-08-06,4856,Luxury
3067,53228,2026-08-22,2094,Budget
3068,53236,2026-08-13,12959,Luxury
3069,53237,2026-08-22,11162,Budget
3070,53261,2026-08-27,13173,Premium
3071,53268,2026-08-20,4018,Standard
3072,53280,2026-08-22,3689,Standard
3073,53311,2026-08-30,11609,Budget
3074,53312,2026-08-14,14626,Budget
3075,53339,2026-08-30,6725,Budget
3076,53343,2026-08-21,14423,Standard
3077,53363,2026-08-24,7075,Budget
3078,53364,2026-08-08,12793,Standard
3079,53365,2026-08-27,7773,Premium
3080,53375,2026-08-11,10227,Standard
3081,53421,2026-08-04,4402,Standard
3082,53434,2026-08-09,13071,Premium
3083,53438,2026-08-06,2294,Premium
3084,53439,2026-08-30,2818,Premium
3085,53463,2026-08-06,14472,Standard
3086,53482,2026-08-06,8796,Budget
3087,53513,2026-08-06,13069,Premium
3088,53522,2026-08-26,10662,Luxury
3089,53524,2026-08-03,14289,Budget
3090,53547,2026-08-23,8587,Budget
3091,53552,2026-08-03,13489,Standard
3092,53579,2026-08-15,3060,Budget
3093,53586,2026-08-31,11879,Premium
3094,53617,2026-08-05,13196,Budget
3095,53627,2026-08-07,5477,Standard
3096,53632,2026-08-23,12022,Standard
3097,53640,2026-08-29,13931,Standard
3098,53681,2026-08-06,3066,Premium
3099,53708,2026-08-28,9718,Premium
3100,53713,2026-08-21,8924,Premium
3101,53714,2026-08-11,10728,Premium
3102,53718,2026-08-10,10208,Premium
3103,53756,2026-08-09,7993,Budget
3104,53761,2026-08-06,7346,Budget
3105,53764,2026-08-31,8906,Budget
3106,53776,2026-08-26,10747,Standard
3107,53777,2026-08-03,11460,Budget
3108,53779,2026-08-15,12774,Standard
3109,53780,2026-08-23,11884,Standard
3110,53837,2026-08-03,8449,Standard
3111,53865,2026-08-30,12553,Standard
3112,53873,2026-08-28,10148,Standard
3113,53890,2026-08-23,3044,Premium
3114,53894,2026-08-10,9626,Standard
3115,53901,2026-08-29,4533,Standard
3116,53925,2026-08-18,12557,Standard
3117,53934,2026-08-12,10890,Budget
3118,53952,2026-08-18,11489,Standard
3119,53958,2026-08-21,3339,Budget
3120,53960,2026-08-10,2636,Luxury
3121,53993,2026-08-10,9186,Standard
3122,53994,2026-08-21,3784,Budget
3123,54001,2026-08-11,7583,Premium
3124,54007,2026-08-17,8107,Standard
3125,54009,2026-08-18,10009,Standard
3126,54045,2026-08-29,10579,Premium
3127,54066,2026-08-30,13490,Standard
3128,54150,2026-09-02,11014,Budget
3129,54155,2026-08-03,8610,Standard
3130,54165,2026-08-14,9134,Standard
3131,54169,2026-08-31,13202,Premium
3132,54191,2026-08-06,14583,Budget
3133,54199,2026-08-24,13586,Standard
3134,54242,2026-09-01,12284,Standard
3135,54251,2026-08-11,12723,Standard
3136,54253,2026-09-02,11091,Standard
3137,54286,2026-08-08,13957,Budget
3138,54289,2026-08-08,8921,Standard
3139,54356,2026-08-04,6337,Standard
3140,54362,2026-09-02,13204,Budget
3141,54374,2026-08-05,10009,Standard
3142,54400,2026-08-24,7787,Premium
3143,54428,2026-09-02,13861,Premium
3144,54431,2026-08-19,5998,Standard
3145,54435,2026-08-08,5467,Budget
3146,54446,2026-08-18,7665,Premium
3147,54452,2026-08-19,5636,Budget
3148,54461,2026-08-19,7458,Premium
3149,54489,2026-08-08,5172,Standard
3150,54534,2026-08-23,5045,Premium
3151,54546,2026-08-03,13421,Budget
3152,54549,2026-08-07,5996,Luxury
3153,54551,2026-09-01,2903,Budget
3154,54555,2026-08-22,5994,Standard
3155,54561,2026-08-19,5262,Standard
3156,54570,2026-08-15,6155,Budget
3157,54573,2026-08-07,5426,Standard
3158,54609,2026-08-11,11343,Standard
3159,54617,2026-08-09,13733,Budget
3160,54638,2026-08-10,14818,Budget
3161,54639,2026-08-12,5817,Budget
3162,54672,2026-08-25,14354,Budget
3163,54699,2026-08-10,10082,Standard
3164,54723,2026-08-17,10926,Standard
3165,54744,2026-08-24,14487,Budget
3166,54761,2026-08-28,13628,Budget
3167,54762,2026-08-11,10661,Standard
3168,54774,2026-08-23,6421,Standard
3169,54782,2026-08-31,7711,Budget
3170,54820,2026-08-16,5193,Standard
3171,54848,2026-08-07,11026,Standard
3172,54859,2026-08-12,6687,Budget
3173,54871,2026-08-08,6778,Premium
3174,54879,2026-09-02,5159,Standard
3175,54881,2026-08-23,3506,Standard
3176,54891,2026-08-04,3260,Budget
3177,54898,2026-08-23,13978,Standard
3178,54920,2026-08-22,7521,Standard
3179,54921,2026-08-13,14206,Budget
3180,54941,2026-08-11,4437,Standard
3181,54987,2026-08-01,6437,Standard
3182,54994,2026-08-04,5379,Standard
3183,55006,2026-08-24,7469,Standard
3184,55010,2026-08-19,7916,Budget
3185,55043,2026-08-28,5440,Premium
3186,55050,2026-08-27,12334,Premium
3187,55056,2026-08-21,8563,Budget
3188,55088,2026-08-29,13259,Budget
3189,55105,2026-08-27,11990,Standard
3190,55106,2026-08-11,8875,Standard
3191,55124,2026-08-30,5261,Budget
3192,55144,2026-08-23,14250,Standard
3193,55155,2026-08-30,3223,Standard
3194,55176,2026-08-06,2605,Premium
3195,55202,2026-08-28,13841,Standard
3196,55206,2026-08-19,8478,Standard
3197,55275,2026-08-13,12266,Standard
3198,55279,2026-08-15,11713,Premium
3199,55312,2026-08-25,9138,Standard
3200,55336,2026-08-20,12514,Standard
3201,55342,2026-08-19,2256,Standard
3202,55346,2026-08-03,10208,Budget
3203,55356,2026-08-07,13114,Premium
3204,55368,2026-08-09,12483,Premium
3205,55400,2026-08-05,9867,Standard
3206,55431,2026-08-23,3707,Budget
3207,55457,2026-08-11,7290,Standard
3208,55510,2026-08-06,12314,Standard
3209,55511,2026-08-21,9465,Budget
3210,55529,2026-08-31,9989,Standard
3211,55557,2026-08-31,5444,Premium
3212,55570,2026-08-21,9856,Standard
3213,55589,2026-08-19,8736,Luxury
3214,55622,2026-08-18,3271,Budget
3215,55639,2026-08-31,3557,Standard
3216,55645,2026-08-30,7483,Budget
3217,55649,2026-08-20,5752,Budget
3218,55665,2026-08-31,4660,Budget
3219,55671,2026-08-13,5422,Budget
3220,55694,2026-08-08,8193,Standard
3221,55700,2026-08-26,13536,Standard
3222,55701,2026-08-30,2453,Standard
3223,55708,2026-08-10,9459,Standard
3224,55720,2026-08-15,2168,Premium
3225,55726,2026-08-31,2085,Premium
3226,55736,2026-08-09,14078,Standard
3227,55750,2026-08-25,9054,Premium
3228,55761,2026-08-12,12126,Standard
3229,55794,2026-09-01,12018,Premium
3230,55800,2026-08-03,13548,Standard
3231,55813,2026-08-09,5579,Standard
3232,55818,2026-08-13,11474,Budget
3233,55833,2026-08-09,9009,Luxury
3234,55836,2026-08-06,9955,Premium
3235,55837,2026-08-20,6149,Premium
3236,55849,2026-08-11,9505,Budget
3237,55862,2026-08-10,6630,Premium
3238,55863,2026-08-16,11906,Budget
3239,55867,2026-08-08,10933,Premium
3240,55870,2026-08-16,10038,Budget
3241,55873,2026-08-06,7705,Premium
3242,55882,2026-08-12,2426,Budget
3243,55891,2026-08-13,6771,Budget
3244,55892,2026-08-28,12139,Standard
3245,55901,2026-08-24,7059,Standard
3246,55922,2026-08-14,10828,Premium
3247,55934,2026-08-12,5978,Budget
3248,55935,2026-08-20,7318,Standard
3249,55936,2026-08-27,8174,Budget
3250,55988,2026-08-08,11483,Standard
3251,56004,2026-08-17,4572,Premium
3252,56055,2026-08-16,12660,Standard
3253,56059,2026-08-08,7989,Standard
3254,56070,2026-08-06,12466,Budget
3255,56071,2026-08-18,9162,Standard
3256,56075,2026-08-08,12931,Budget
3257,56091,2026-08-04,11302,Standard
3258,56100,2026-08-14,6571,Premium
3259,56143,2026-08-16,11661,Standard
3260,56152,2026-08-18,7395,Budget
3261,56165,2026-08-20,9307,Budget
3262,56166,2026-08-03,13209,Budget
3263,56174,2026-08-25,7797,Standard
3264,56183,2026-08-23,10199,Premium
3265,56187,2026-09-01,11013,Budget
3266,56194,2026-08-31,10792,Premium
3267,56200,2026-08-07,14290,Premium
3268,56206,2026-08-17,4894,Budget
3269,56215,2026-08-22,9820,Standard
3270,56216,2026-08-11,3009,Budget
3271,56222,2026-09-02,10372,Budget
3272,56227,2026-08-08,2251,Standard
3273,56254,2026-08-26,14224,Standard
3274,56283,2026-08-08,3865,Standard
3275,56303,2026-08-12,14694,Standard
3276,56362,2026-08-22,8901,Budget
3277,56376,2026-08-29,11272,Budget
3278,56383,2026-08-14,12691,Standard
3279,56412,2026-08-21,2256,Premium
3280,56420,2026-08-20,7387,Budget
3281,56426,2026-09-01,7454,Premium
3282,56431,2026-08-14,5256,Standard
3283,56432,2026-08-07,8370,Standard
3284,56480,2026-08-13,4579,Standard
3285,56492,2026-08-28,8087,Standard
3286,56501,2026-08-24,12913,Premium
3287,56513,2026-08-30,14718,Standard
3288,56637,2026-08-23,10892,Luxury
3289,56683,2026-08-15,7502,Budget
3290,56701,2026-08-27,9252,Budget
3291,56740,2026-08-19,7421,Premium
3292,56788,2026-08-18,14873,Premium
3293,56815,2026-08-10,14081,Standard
3294,56821,2026-08-30,3561,Premium
3295,56832,2026-08-10,3609,Budget
3296,56882,2026-08-10,13986,Budget
3297,56940,2026-08-03,8271,Standard
3298,56945,2026-08-21,14111,Premium
3299,56955,2026-08-16,14023,Standard
3300,56956,2026-08-03,7693,Budget
3301,56990,2026-08-05,7340,Premium
3302,57000,2026-08-24,5362,Budget
3303,57009,2026-08-15,4107,Standard
3304,57033,2026-08-05,2315,Luxury
3305,57038,2026-08-24,3368,Premium
3306,57047,2026-08-13,13672,Premium
3307,57055,2026-08-17,5022,Budget
3308,57059,2026-09-02,2448,Budget
3309,57100,2026-08-22,11937,Standard
3310,57112,2026-08-11,2030,Budget
3311,57126,2026-08-26,5341,Luxury
3312,57140,2026-08-15,3764,Standard
3313,57162,2026-08-08,4001,Standard
3314,57166,2026-08-05,5502,Budget
3315,57174,2026-08-09,9794,Standard
3316,57196,2026-08-25,13592,Standard
3317,57221,2026-08-07,14004,Budget
3318,57222,2026-08-12,4118,Budget
3319,57244,2026-09-01,5090,Standard
3320,57271,2026-08-20,5806,Standard
3321,57273,2026-08-09,11650,Standard
3322,57276,2026-09-02,11868,Luxury
3323,57284,2026-08-15,12175,Premium
3324,57382,2026-08-20,13977,Luxury
3325,57391,2026-08-23,5490,Budget
3326,57405,2026-08-14,12155,Luxury
3327,57423,2026-08-06,2890,Standard
3328,57458,2026-08-21,13135,Standard
3329,57522,2026-08-24,11561,Budget
3330,57554,2026-08-11,8208,Budget
3331,57608,2026-08-14,8580,Premium
3332,57633,2026-08-11,5172,Standard
3333,57641,2026-08-13,9879,Budget
3334,57647,2026-08-11,7910,Budget
3335,57652,2026-08-18,12394,Budget
3336,57655,2026-08-12,2301,Standard
3337,57662,2026-08-22,8505,Standard
3338,57677,2026-08-15,2908,Standard
3339,57686,2026-08-18,2674,Luxury
3340,57692,2026-08-21,7858,Standard
3341,57693,2026-08-26,13744,Budget
3342,57708,2026-08-10,4843,Budget
3343,57729,2026-08-05,7957,Standard
3344,57744,2026-08-05,13932,Premium
3345,57761,2026-08-25,9196,Standard
3346,57796,2026-08-31,13254,Budget
3347,57814,2026-08-31,2054,Budget
3348,57826,2026-08-15,13186,Standard
3349,57850,2026-08-30,5936,Budget
3350,57860,2026-08-31,7833,Standard
3351,57872,2026-08-18,8488,Luxury
3352,57888,2026-08-30,6944,Luxury
3353,57897,2026-08-14,5875,Standard
3354,57898,2026-08-27,5632,Budget
3355,57910,2026-08-23,11070,Premium
3356,57916,2026-08-23,7810,Budget
3357,57917,2026-08-12,6291,Budget
3358,57931,2026-08-18,7958,Budget
3359,57951,2026-08-12,5608,Premium
3360,57962,2026-08-25,9134,Budget
3361,57965,2026-08-17,13673,Standard
3362,57969,2026-08-30,4806,Standard
3363,57979,2026-09-01,7639,Premium
3364,57982,2026-08-24,13659,Premium
3365,58010,2026-08-02,2134,Budget
3366,58036,2026-08-21,2067,Standard
3367,58065,2026-08-17,9209,Standard
3368,58070,2026-08-08,12062,Standard
3369,58083,2026-08-30,2741,Premium
3370,58097,2026-08-22,14747,Standard
3371,58109,2026-08-22,3266,Budget
3372,58110,2026-08-30,7939,Budget
3373,58201,2026-08-07,6229,Standard
3374,58206,2026-08-14,10853,Standard
3375,58248,2026-08-19,9185,Standard
3376,58251,2026-08-25,12937,Premium
3377,58315,2026-08-21,11187,Standard
3378,58316,2026-08-22,8428,Standard
3379,58332,2026-08-13,11038,Standard
3380,58343,2026-08-04,5764,Budget
3381,58373,2026-08-14,5699,Budget
3382,58374,2026-08-26,11120,Standard
3383,58400,2026-08-20,2629,Budget
3384,58409,2026-08-25,9728,Standard
3385,58419,2026-08-19,8195,Standard
3386,58424,2026-08-22,14581,Budget
3387,58446,2026-08-23,14350,Premium
3388,58452,2026-08-15,4716,Budget
3389,58459,2026-08-03,9570,Premium
3390,58495,2026-08-22,9936,Standard
3391,58524,2026-08-27,13992,Premium
3392,58548,2026-08-21,10665,Standard
3393,58559,2026-08-05,14555,Premium
3394,58569,2026-08-22,2721,Budget
3395,58575,2026-08-17,7372,Budget
3396,58578,2026-08-29,5201,Budget
3397,58599,2026-08-18,12202,Budget
3398,58622,2026-08-19,14805,Standard
3399,58652,2026-08-12,14025,Premium
3400,58664,2026-08-10,4060,Standard
3401,58673,2026-09-01,8427,Standard
3402,58679,2026-08-28,12595,Budget
3403,58710,2026-08-04,3635,Premium
3404,58711,2026-08-26,8850,Budget
3405,58718,2026-08-30,8712,Budget
3406,58719,2026-08-27,5465,Budget
3407,58756,2026-08-16,13954,Premium
3408,58760,2026-08-09,9735,Budget
3409,58773,2026-08-30,5855,Budget
3410,58784,2026-08-10,8233,Premium
3411,58785,2026-08-26,7038,Budget
3412,58802,2026-08-16,4754,Standard
3413,58805,2026-08-29,12337,Budget
3414,58807,2026-08-15,7490,Standard
3415,58811,2026-08-04,4148,Standard
3416,58825,2026-08-11,3873,Budget
3417,58843,2026-08-26,6614,Budget
3418,58847,2026-08-28,7776,Standard
3419,58853,2026-08-11,13576,Standard
3420,58856,2026-09-02,10286,Premium
3421,58861,2026-08-25,4276,Budget
3422,58894,2026-08-24,8850,Standard
3423,58898,2026-08-23,6721,Standard
3424,58933,2026-08-04,10360,Standard
3425,58937,2026-08-16,7380,Budget
3426,58940,2026-08-27,4283,Premium
3427,58950,2026-08-07,13507,Premium
3428,58984,2026-08-20,6221,Budget
3429,59010,2026-08-14,10669,Standard
3430,59022,2026-08-19,8059,Budget
3431,59039,2026-08-12,11668,Budget
3432,59051,2026-08-22,11338,Standard
3433,59052,2026-08-07,14809,Premium
3434,59083,2026-08-09,4678,Standard
3435,59102,2026-08-12,5078,Budget
3436,59105,2026-08-15,2132,Premium
3437,59113,2026-08-29,8414,Premium
3438,59130,2026-08-17,12345,Standard
3439,59137,2026-08-19,3295,Standard
3440,59138,2026-08-27,5590,Standard
3441,59140,2026-08-20,5462,Budget
3442,59248,2026-08-09,13346,Standard
3443,59257,2026-08-17,2505,Standard
3444,59259,2026-08-10,14714,Standard
3445,59287,2026-08-16,3898,Budget
3446,59301,2026-08-09,2982,Budget
3447,59305,2026-08-10,12138,Standard
3448,59310,2026-08-26,6658,Budget
3449,59318,2026-08-15,14112,Budget
3450,59352,2026-09-02,10625,Standard
3451,59362,2026-09-01,9105,Budget
3452,59363,2026-08-15,14144,Budget
3453,59369,2026-08-13,13546,Premium
3454,59379,2026-08-04,9493,Standard
3455,59446,2026-08-23,4983,Standard
3456,59467,2026-08-15,5346,Budget
3457,59484,2026-08-27,7632,Standard
3458,59526,2026-08-08,3712,Premium
3459,59528,2026-08-11,13367,Standard
3460,59532,2026-08-29,13696,Standard
3461,59560,2026-08-12,14006,Standard
3462,59581,2026-08-14,8245,Budget
3463,59621,2026-08-06,9155,Premium
3464,59625,2026-08-25,13885,Standard
3465,59649,2026-08-10,10100,Standard
3466,59688,2026-09-01,12159,Standard
3467,59714,2026-08-20,7210,Standard
3468,59741,2026-08-10,5408,Standard
3469,59781,2026-08-17,14190,Standard
3470,59807,2026-08-24,2228,Budget
3471,59818,2026-08-02,8601,Premium
3472,59820,2026-08-12,13484,Standard
3473,59826,2026-08-03,6500,Budget
3474,59832,2026-08-12,10119,Budget
3475,59842,2026-08-30,4592,Standard
3476,59854,2026-08-30,11563,Premium
3477,59883,2026-08-24,14118,Premium
3478,59890,2026-08-20,5154,Premium
3479,59891,2026-08-06,12861,Budget
3480,59894,2026-08-14,10747,Budget
3481,59944,2026-08-07,9415,Budget
3482,59947,2026-08-25,10299,Standard
3483,59949,2026-08-29,13373,Premium
3484,59953,2026-08-27,11758,Budget
3485,59954,2026-08-28,4122,Budget
3486,59988,2026-08-30,13068,Standard
3487,59991,2026-08-18,8924,Luxury
3488,59992,2026-09-01,11852,Budget
3489,59998,2026-08-06,14636,Standard
3490,60027,2026-08-25,8421,Standard
3491,60044,2026-08-24,6628,Luxury
3492,60050,2026-08-05,7574,Standard
3493,60075,2026-08-06,8838,Standard
3494,60079,2026-08-28,3758,Budget
3495,60104,2026-08-16,5634,Standard
3496,60121,2026-08-08,10261,Luxury
3497,60132,2026-08-16,11788,Premium
3498,60144,2026-08-07,4686,Budget
3499,60170,2026-08-26,8655,Standard
3500,60180,2026-08-28,3270,Premium
3501,60213,2026-08-17,7190,Budget
3502,60222,2026-08-25,8164,Standard
3503,60231,2026-08-12,4752,Standard
3504,60235,2026-08-16,13905,Standard
3505,60325,2026-08-13,10032,Budget
3506,60332,2026-08-14,7439,Standard
3507,60343,2026-08-25,10050,Premium
3508,60356,2026-08-18,3956,Standard
3509,60387,2026-08-18,4756,Budget
3510,60427,2026-08-23,14317,Premium
3511,60457,2026-08-08,12044,Budget
3512,60470,2026-09-01,7631,Standard
3513,60477,2026-08-18,5625,Standard
3514,60484,2026-08-04,11746,Budget
3515,60486,2026-08-13,2193,Standard
3516,60492,2026-08-25,8168,Premium
3517,60508,2026-08-05,8598,Budget
3518,60557,2026-08-04,13689,Standard
3519,60591,2026-08-14,6711,Standard
3520,60617,2026-08-21,2045,Budget
3521,60641,2026-08-06,2392,Budget
3522,60642,2026-08-15,7942,Standard
3523,60652,2026-08-14,9841,Standard
3524,60655,2026-08-12,3387,Premium
3525,60663,2026-09-01,10413,Premium
3526,60671,2026-08-23,14610,Standard
3527,60675,2026-08-14,2906,Budget
3528,60688,2026-08-21,14858,Premium
3529,60693,2026-08-24,13914,Standard
3530,60712,2026-08-15,3386,Budget
3531,60737,2026-08-23,9154,Standard
3532,60775,2026-08-18,14907,Standard
3533,60789,2026-08-23,13177,Standard
3534,60795,2026-08-05,6465,Premium
3535,60821,2026-08-22,14899,Budget
3536,60869,2026-08-08,4038,Standard
3537,60942,2026-08-20,7487,Premium
3538,60943,2026-08-22,11716,Standard
3539,60999,2026-08-16,6935,Standard
3540,61010,2026-08-27,13747,Standard
3541,61012,2026-08-05,9598,Standard
3542,61014,2026-08-29,13950,Budget
3543,61039,2026-08-12,7612,Standard
3544,61043,2026-08-06,13503,Luxury
3545,61053,2026-08-11,12611,Standard
3546,61081,2026-08-16,3640,Standard
3547,61120,2026-08-29,14078,Standard
3548,61168,2026-08-20,13871,Budget
3549,61209,2026-08-28,2460,Standard
3550,61241,2026-08-22,5131,Standard
3551,61244,2026-08-29,11924,Budget
3552,61252,2026-08-23,9024,Standard
3553,61254,2026-08-14,7303,Budget
3554,61255,2026-08-08,6132,Budget
3555,61256,2026-09-02,8271,Budget
3556,61257,2026-08-13,9901,Budget
3557,61278,2026-08-04,14785,Standard
3558,61284,2026-08-08,2060,Premium
3559,61285,2026-08-29,13988,Standard
3560,61295,2026-08-26,10551,Budget
3561,61334,2026-08-14,12825,Standard
3562,61356,2026-08-26,2383,Standard
3563,61396,2026-08-12,10234,Premium
3564,61411,2026-08-14,3834,Standard
3565,61435,2026-08-21,2975,Premium
3566,61441,2026-08-19,8674,Premium
3567,61525,2026-08-03,8486,Standard
3568,61671,2026-08-26,2879,Budget
3569,61705,2026-08-03,12607,Standard
3570,61718,2026-08-22,8823,Budget
3571,61737,2026-08-10,8812,Budget
3572,61744,2026-08-19,11080,Premium
3573,61746,2026-08-02,9557,Standard
3574,61779,2026-08-15,11607,Budget
3575,61828,2026-08-05,14314,Budget
3576,61873,2026-08-10,12621,Premium
3577,61898,2026-08-24,13345,Premium
3578,61935,2026-08-11,3049,Premium
3579,61949,2026-08-12,13978,Standard
3580,61966,2026-08-19,7143,Premium
3581,61976,2026-08-10,14222,Luxury
3582,61990,2026-08-16,13497,Standard
3583,62011,2026-08-17,12393,Standard
3584,62014,2026-08-03,12732,Standard
3585,62022,2026-08-27,11856,Standard
3586,62035,2026-08-27,2470,Premium
3587,62055,2026-08-09,11251,Standard
3588,62057,2026-08-08,4535,Standard
3589,62087,2026-08-27,7343,Budget
3590,62138,2026-08-03,7569,Standard
3591,62158,2026-09-01,10604,Premium
3592,62160,2026-08-20,11816,Standard
3593,62172,2026-08-13,9970,Budget
3594,62191,2026-09-01,6216,Standard
3595,62229,2026-08-20,9153,Standard
3596,62234,2026-08-17,10290,Budget
3597,62264,2026-08-08,2718,Standard
3598,62266,2026-08-24,6423,Budget
3599,62283,2026-08-25,12280,Standard
3600,62292,2026-08-08,2900,Standard
3601,62295,2026-08-26,11677,Budget
3602,62330,2026-08-30,11911,Standard
3603,62335,2026-08-18,14134,Standard
3604,62346,2026-08-19,12908,Standard
3605,62351,2026-08-08,2220,Luxury
3606,62371,2026-08-26,5549,Premium
3607,62373,2026-08-24,12000,Budget
3608,62406,2026-08-30,9681,Budget
3609,62411,2026-08-20,6593,Luxury
3610,62425,2026-08-07,10762,Premium
3611,62515,2026-08-15,9185,Budget
3612,62521,2026-08-26,10376,Standard
3613,62534,2026-08-14,9778,Standard
3614,62563,2026-08-08,10477,Budget
3615,62597,2026-08-27,11805,Budget
3616,62670,2026-08-30,13176,Budget
3617,62680,2026-08-04,10487,Budget
3618,62711,2026-08-22,6092,Budget
3619,62721,2026-08-15,4113,Standard
3620,62727,2026-08-05,3992,Budget
3621,62768,2026-08-09,13061,Standard
3622,62802,2026-08-31,14731,Premium
3623,62819,2026-08-16,5272,Standard
3624,62836,2026-08-30,11794,Budget
3625,62883,2026-08-23,4800,Budget
3626,62958,2026-08-07,12369,Budget
3627,62959,2026-08-26,4123,Standard
3628,62962,2026-09-01,14896,Premium
3629,62977,2026-08-09,6883,Budget
3630,62980,2026-08-08,8230,Standard
3631,62985,2026-08-25,9762,Budget
3632,62990,2026-08-24,13533,Standard
3633,62991,2026-08-26,11644,Premium
3634,62994,2026-08-20,6482,Standard
3635,63016,2026-08-24,8034,Budget
3636,63058,2026-08-12,9042,Standard
3637,63071,2026-08-22,2498,Standard
3638,63075,2026-08-20,7092,Budget
3639,63084,2026-08-27,12211,Standard
3640,63102,2026-08-12,9025,Premium
3641,63105,2026-08-08,7135,Standard
3642,63115,2026-08-24,11003,Standard
3643,63139,2026-08-14,5314,Standard
3644,63154,2026-08-21,13724,Budget
3645,63175,2026-08-16,5034,Standard
3646,63177,2026-08-24,12485,Budget
3647,63212,2026-08-05,10222,Standard
3648,63240,2026-08-19,3208,Standard
3649,63247,2026-08-13,10704,Premium
3650,63273,2026-08-17,6778,Premium
3651,63319,2026-08-26,11577,Standard
3652,63325,2026-08-21,6774,Budget
3653,63328,2026-09-03,12232,Budget
3654,63345,2026-08-13,7996,Budget
3655,63352,2026-09-02,3925,Standard
3656,63378,2026-08-03,8836,Standard
3657,63387,2026-08-18,6527,Budget
3658,63412,2026-08-19,4281,Standard
3659,63422,2026-08-29,3313,Premium
3660,63423,2026-08-20,2803,Budget
3661,63466,2026-08-05,3910,Luxury
3662,63468,2026-08-08,10454,Premium
3663,63481,2026-08-12,7628,Premium
3664,63498,2026-08-07,11652,Budget
3665,63506,2026-08-06,13249,Budget
3666,63514,2026-08-13,10482,Premium
3667,63516,2026-08-25,13414,Budget
3668,63520,2026-08-10,13120,Budget
3669,63549,2026-08-21,11426,Budget
3670,63551,2026-08-25,8323,Budget
3671,63576,2026-08-09,4307,Premium
3672,63577,2026-08-01,3634,Standard
3673,63636,2026-08-30,11808,Premium
3674,63647,2026-08-14,13786,Budget
3675,63654,2026-08-21,13788,Standard
3676,63677,2026-08-03,14157,Premium
3677,63679,2026-08-25,13878,Budget
3678,63690,2026-08-11,4984,Budget
3679,63730,2026-08-24,9382,Budget
3680,63744,2026-08-25,9809,Standard
3681,63754,2026-08-17,14269,Standard
3682,63759,2026-08-14,8342,Standard
3683,63770,2026-08-04,2478,Standard
3684,63779,2026-08-29,5775,Budget
3685,63795,2026-08-17,8951,Budget
3686,63799,2026-08-17,9963,Budget
3687,63863,2026-08-16,11699,Budget
3688,63884,2026-08-07,3705,Premium
3689,63901,2026-08-15,12266,Premium
3690,63954,2026-08-08,8658,Standard
3691,63960,2026-08-06,4827,Premium
3692,63961,2026-08-16,13501,Premium
3693,63964,2026-08-04,4519,Premium
3694,63968,2026-08-16,10725,Standard
3695,63983,2026-08-13,8874,Standard
3696,63993,2026-08-27,7261,Standard
3697,64033,2026-08-27,12085,Premium
3698,64104,2026-08-21,7045,Standard
3699,64121,2026-08-14,6171,Premium
3700,64124,2026-08-04,8005,Budget
3701,64129,2026-08-20,3476,Budget
3702,64161,2026-08-09,2451,Luxury
3703,64170,2026-08-19,14977,Luxury
3704,64186,2026-08-23,11194,Premium
3705,64251,2026-08-22,8118,Budget
3706,64255,2026-08-16,9498,Standard
3707,64276,2026-08-28,6266,Budget
3708,64283,2026-08-19,12793,Budget
3709,64295,2026-08-29,5242,Premium
3710,64296,2026-08-28,8232,Budget
3711,64313,2026-08-24,12992,Premium
3712,64349,2026-08-07,8825,Standard
3713,64357,2026-08-31,11933,Budget
3714,64359,2026-08-04,6161,Standard
3715,64402,2026-08-28,14982,Budget
3716,64426,2026-08-16,12703,Premium
3717,64446,2026-08-29,11275,Standard
3718,64504,2026-08-07,10451,Standard
3719,64516,2026-08-08,4255,Budget
3720,64521,2026-08-13,5582,Standard
3721,64542,2026-08-02,13065,Budget
3722,64566,2026-08-25,3162,Premium
3723,64569,2026-08-26,9560,Standard
3724,64615,2026-08-08,8921,Luxury
3725,64642,2026-09-01,8778,Budget
3726,64668,2026-08-03,13378,Standard
3727,64703,2026-08-16,7296,Luxury
3728,64706,2026-08-10,2694,Budget
3729,64717,2026-08-04,6470,Luxury
3730,64726,2026-08-29,7894,Budget
3731,64747,2026-08-17,12239,Standard
3732,64777,2026-08-15,13734,Premium
3733,64791,2026-08-04,7259,Budget
3734,64798,2026-08-15,8202,Standard
3735,64847,2026-08-19,7089,Budget
3736,64889,2026-08-08,14619,Standard
3737,64900,2026-08-08,13305,Standard
3738,64914,2026-08-06,5255,Premium
3739,64923,2026-08-26,14542,Premium
3740,64950,2026-08-30,13853,Budget
3741,64952,2026-08-05,4024,Standard
3742,64962,2026-08-24,7904,Premium
3743,64966,2026-09-01,7465,Budget
3744,64968,2026-08-05,5385,Budget
3745,64991,2026-08-23,4417,Standard
3746,65006,2026-08-12,12699,Budget
3747,65037,2026-08-25,13893,Standard
3748,65046,2026-08-11,6728,Budget
3749,65047,2026-08-26,5253,Budget
3750,65061,2026-08-09,5206,Standard
3751,65064,2026-08-25,10821,Standard
3752,65068,2026-08-08,10886,Standard
3753,65099,2026-08-07,13596,Premium
3754,65128,2026-08-30,6283,Standard
3755,65140,2026-08-29,8144,Premium
3756,65143,2026-08-10,14099,Budget
3757,65147,2026-08-12,7859,Standard
3758,65164,2026-08-13,8182,Budget
3759,65166,2026-08-08,7416,Premium
3760,65173,2026-08-26,9368,Budget
3761,65177,2026-08-10,3265,Standard
3762,65181,2026-08-28,10244,Budget
3763,65182,2026-08-23,7887,Standard
3764,65196,2026-08-14,11853,Standard
3765,65226,2026-08-23,11163,Budget
3766,65245,2026-08-06,4681,Budget
3767,65271,2026-08-05,12332,Budget
3768,65314,2026-08-26,12229,Budget
3769,65330,2026-08-08,6269,Budget
3770,65373,2026-08-18,8429,Budget
3771,65399,2026-08-24,2472,Budget
3772,65403,2026-08-26,14306,Standard
3773,65409,2026-08-23,2087,Budget
3774,65413,2026-08-08,10364,Standard
3775,65417,2026-08-06,11569,Budget
3776,65440,2026-09-01,10648,Budget
3777,65455,2026-08-17,6585,Standard
3778,65488,2026-08-22,2235,Standard
3779,65569,2026-08-06,11422,Standard
3780,65641,2026-08-04,8541,Budget
3781,65657,2026-08-23,13966,Budget
3782,65663,2026-08-30,8552,Standard
3783,65687,2026-08-12,7529,Budget
3784,65701,2026-08-30,9788,Budget
3785,65717,2026-08-20,8784,Budget
3786,65718,2026-08-03,12356,Luxury
3787,65721,2026-08-19,9412,Standard
3788,65780,2026-08-31,14855,Standard
3789,65787,2026-08-15,2953,Premium
3790,65799,2026-08-14,7517,Budget
3791,65805,2026-08-30,4659,Budget
3792,65811,2026-08-30,6340,Standard
3793,65822,2026-08-17,9563,Budget
3794,65828,2026-08-25,3245,Budget
3795,65834,2026-08-08,2749,Budget
3796,65838,2026-08-29,5861,Premium
3797,65855,2026-08-08,11188,Standard
3798,65867,2026-08-09,6222,Premium
3799,65881,2026-08-29,5952,Standard
3800,65893,2026-08-05,11714,Standard
3801,65896,2026-08-04,3331,Budget
3802,65928,2026-08-26,3161,Budget
3803,65934,2026-08-25,7896,Standard
3804,65937,2026-08-09,9754,Standard
3805,65962,2026-08-05,13538,Budget
3806,66012,2026-08-11,8765,Standard
3807,66021,2026-08-31,5682,Budget
3808,66023,2026-08-10,4645,Premium
3809,66073,2026-08-19,6769,Budget
3810,66096,2026-08-14,5260,Standard
3811,66104,2026-08-19,9174,Standard
3812,66106,2026-08-09,8006,Budget
3813,66129,2026-08-24,10650,Budget
3814,66151,2026-08-21,10646,Premium
3815,66188,2026-08-11,12214,Standard
3816,66216,2026-08-13,8645,Standard
3817,66219,2026-08-14,14119,Standard
3818,66259,2026-08-27,12013,Standard
3819,66267,2026-08-25,13380,Premium
3820,66273,2026-08-29,12775,Standard
3821,66280,2026-08-25,3288,Budget
3822,66297,2026-08-23,6166,Premium
3823,66298,2026-08-21,14562,Luxury
3824,66323,2026-09-01,6073,Standard
3825,66332,2026-08-07,7329,Premium
3826,66335,2026-08-26,5485,Budget
3827,66344,2026-08-28,8178,Budget
3828,66350,2026-08-26,6189,Standard
3829,66366,2026-08-09,7383,Standard
3830,66375,2026-08-22,3583,Budget
3831,66383,2026-08-16,4349,Standard
3832,66413,2026-08-11,14019,Standard
3833,66453,2026-08-24,4775,Budget
3834,66461,2026-08-21,13770,Standard
3835,66470,2026-08-08,13432,Standard
3836,66474,2026-08-12,2170,Premium
3837,66481,2026-08-23,6707,Budget
3838,66545,2026-08-23,11627,Standard
3839,66560,2026-08-28,8797,Budget
3840,66580,2026-08-22,10541,Standard
3841,66601,2026-08-13,10993,Premium
3842,66602,2026-08-14,7976,Standard
3843,66636,2026-08-29,2762,Premium
3844,66643,2026-08-21,9955,Standard
3845,66705,2026-08-03,6310,Standard
3846,66751,2026-08-26,6982,Premium
3847,66757,2026-08-28,2694,Budget
3848,66785,2026-08-19,6174,Premium
3849,66789,2026-08-03,2724,Standard
3850,66812,2026-08-29,6525,Budget
3851,66867,2026-08-15,7132,Budget
3852,66899,2026-08-26,6899,Standard
3853,66910,2026-08-16,2022,Luxury
3854,66938,2026-08-25,4969,Standard
3855,66947,2026-08-08,13024,Premium
3856,66951,2026-08-04,9925,Premium
3857,66961,2026-08-06,4318,Premium
3858,66964,2026-08-24,5616,Standard
3859,66978,2026-08-26,2053,Standard
3860,67033,2026-08-26,6614,Standard
3861,67042,2026-08-25,6751,Standard
3862,67123,2026-08-22,9506,Budget
3863,67125,2026-08-07,6966,Standard
3864,67134,2026-08-05,4822,Standard
3865,67172,2026-08-25,14194,Premium
3866,67185,2026-08-18,2576,Budget
3867,67192,2026-08-14,13120,Premium
3868,67219,2026-08-28,5292,Premium
3869,67244,2026-08-08,5973,Premium
3870,67272,2026-08-15,13534,Premium
3871,67277,2026-08-14,11424,Budget
3872,67280,2026-08-05,4581,Premium
3873,67285,2026-08-31,11466,Budget
3874,67291,2026-08-11,12389,Budget
3875,67301,2026-08-30,7964,Standard
3876,67311,2026-08-16,6660,Standard
3877,67315,2026-08-28,2067,Budget
3878,67322,2026-08-27,6056,Premium
3879,67336,2026-08-30,13801,Standard
3880,67362,2026-08-12,10609,Budget
3881,67367,2026-08-10,11801,Premium
3882,67383,2026-08-23,11235,Budget
3883,67391,2026-08-12,5723,Budget
3884,67393,2026-08-28,6133,Standard
3885,67403,2026-08-15,4803,Standard
3886,67413,2026-08-11,8676,Budget
3887,67434,2026-08-25,13705,Budget
3888,67461,2026-08-13,10780,Premium
3889,67468,2026-08-23,4870,Standard
3890,67469,2026-08-20,13996,Standard
3891,67484,2026-08-13,9192,Premium
3892,67488,2026-08-21,8321,Premium
3893,67505,2026-08-28,8158,Standard
3894,67517,2026-08-03,8868,Budget
3895,67518,2026-08-31,10500,Luxury
3896,67535,2026-08-27,5224,Budget
3897,67579,2026-08-12,13339,Budget
3898,67581,2026-08-10,13151,Premium
3899,67638,2026-08-11,8434,Budget
3900,67645,2026-08-12,5860,Budget
3901,67649,2026-08-08,10745,Luxury
3902,67657,2026-09-02,13568,Standard
3903,67692,2026-08-14,7495,Standard
3904,67723,2026-08-17,2522,Standard
3905,67744,2026-08-10,11627,Budget
3906,67751,2026-08-17,5725,Budget
3907,67852,2026-08-17,5019,Premium
3908,67855,2026-08-26,10078,Premium
3909,67868,2026-08-03,5655,Premium
3910,67870,2026-08-17,8298,Standard
3911,67884,2026-08-07,12572,Premium
3912,67905,2026-08-30,11259,Standard
3913,67908,2026-08-22,5449,Standard
3914,67919,2026-08-27,12190,Premium
3915,67939,2026-08-24,11900,Premium
3916,67940,2026-08-22,8140,Premium
3917,68044,2026-08-04,14356,Premium
3918,68050,2026-08-03,14970,Budget
3919,68084,2026-08-06,11542,Standard
3920,68093,2026-08-29,8825,Standard
3921,68108,2026-08-10,12267,Premium
3922,68115,2026-08-23,11194,Premium
3923,68163,2026-08-12,5118,Standard
3924,68182,2026-08-03,10563,Budget
3925,68183,2026-08-09,12197,Standard
3926,68202,2026-08-15,7433,Standard
3927,68225,2026-08-20,8867,Standard
3928,68241,2026-08-23,5622,Budget
3929,68245,2026-08-22,5563,Premium
3930,68276,2026-08-29,12072,Premium
3931,68277,2026-08-16,13441,Standard
3932,68281,2026-08-24,13188,Standard
3933,68291,2026-08-14,8097,Standard
3934,68337,2026-08-27,5422,Premium
3935,68342,2026-08-04,7363,Budget
3936,68357,2026-08-07,11840,Premium
3937,68361,2026-08-12,7476,Standard
3938,68374,2026-08-23,12920,Premium
3939,68376,2026-08-05,12792,Budget
3940,68389,2026-08-12,2565,Standard
3941,68394,2026-08-01,3655,Standard
3942,68415,2026-08-25,10570,Standard
3943,68490,2026-08-06,8014,Premium
3944,68523,2026-08-28,11498,Budget
3945,68537,2026-08-23,3583,Standard
3946,68545,2026-08-07,12777,Standard
3947,68547,2026-09-02,6028,Standard
3948,68554,2026-08-17,10188,Budget
3949,68584,2026-08-29,11376,Premium
3950,68593,2026-08-18,2802,Budget
3951,68629,2026-08-02,13255,Standard
3952,68674,2026-08-05,9265,Budget
3953,68691,2026-08-27,12767,Luxury
3954,68694,2026-08-20,10548,Premium
3955,68703,2026-08-04,14571,Budget
3956,68722,2026-08-20,10358,Standard
3957,68808,2026-08-13,14757,Premium
3958,68811,2026-08-31,6901,Standard
3959,68823,2026-08-19,12216,Standard
3960,68880,2026-08-31,2970,Budget
3961,68887,2026-08-23,9081,Premium
3962,68890,2026-08-03,9985,Budget
3963,68943,2026-08-15,9262,Standard
3964,68962,2026-08-14,11687,Budget
3965,68982,2026-08-09,9516,Standard
3966,69004,2026-08-11,2484,Budget
3967,69006,2026-08-17,12382,Luxury
3968,69042,2026-08-30,10825,Budget
3969,69076,2026-08-10,3596,Standard
3970,69089,2026-08-10,12248,Standard
3971,69107,2026-08-14,4465,Standard
3972,69122,2026-08-16,9750,Standard
3973,69152,2026-08-08,5110,Budget
3974,69175,2026-08-05,12890,Budget
3975,69176,2026-08-23,14967,Premium
3976,69236,2026-08-28,8310,Standard
3977,69249,2026-08-26,12112,Standard
3978,69259,2026-08-30,6326,Budget
3979,69283,2026-08-08,6488,Standard
3980,69286,2026-08-23,2863,Budget
3981,69294,2026-08-16,12402,Budget
3982,69301,2026-08-13,5919,Standard
3983,69303,2026-08-13,13370,Budget
3984,69314,2026-08-19,10962,Premium
3985,69344,2026-08-06,11834,Standard
3986,69354,2026-08-16,13280,Standard
3987,69388,2026-08-12,8089,Standard
3988,69401,2026-08-30,8521,Premium
3989,69422,2026-08-12,14357,Premium
3990,69424,2026-08-08,12943,Standard
3991,69429,2026-08-27,2283,Luxury
3992,69476,2026-08-11,10801,Luxury
3993,69491,2026-08-12,6119,Premium
3994,69500,2026-08-21,11074,Standard
3995,69521,2026-08-04,3173,Budget
3996,69524,2026-08-08,8841,Budget
3997,69541,2026-08-16,11951,Budget
3998,69581,2026-08-13,13329,Premium
3999,69589,2026-08-09,6587,Standard
4000,69623,2026-08-07,5023,Premium
4001,69634,2026-08-06,8876,Standard
4002,69656,2026-08-09,14694,Standard
4003,69662,2026-08-19,14030,Budget
4004,69735,2026-08-05,13705,Standard
4005,69786,2026-08-22,7152,Budget
4006,69802,2026-08-25,7215,Standard
4007,69839,2026-08-18,7865,Budget
4008,69868,2026-08-14,8853,Premium
4009,69882,2026-08-23,12183,Budget
4010,69954,2026-08-14,4077,Budget
4011,69989,2026-08-22,4912,Budget
4012,69996,2026-08-23,4227,Budget
4013,70009,2026-08-26,10757,Premium
4014,70010,2026-08-20,14372,Luxury
4015,70030,2026-08-07,11834,Standard
4016,70107,2026-08-17,4758,Premium
4017,70124,2026-08-07,10167,Premium
4018,70125,2026-08-28,7914,Standard
4019,70140,2026-08-14,6680,Budget
4020,70145,2026-08-24,14511,Premium
4021,70147,2026-08-28,11903,Premium
4022,70158,2026-08-25,7815,Premium
4023,70190,2026-08-23,7426,Premium
4024,70221,2026-08-20,7051,Budget
4025,70222,2026-08-14,9554,Standard
4026,70225,2026-08-18,7270,Premium
4027,70231,2026-08-01,9533,Premium
4028,70247,2026-08-24,12812,Budget
4029,70275,2026-08-11,7789,Standard
4030,70280,2026-08-23,3888,Budget
4031,70303,2026-08-16,7348,Standard
4032,70309,2026-08-10,2013,Budget
4033,70350,2026-08-12,10317,Standard
4034,70359,2026-08-19,11465,Premium
4035,70378,2026-08-30,13292,Budget
4036,70386,2026-08-13,3640,Standard
4037,70396,2026-08-18,13616,Budget
4038,70407,2026-09-01,14063,Standard
4039,70445,2026-08-08,11751,Budget
4040,70477,2026-08-22,6448,Premium
4041,70493,2026-08-06,3337,Standard
4042,70497,2026-08-09,12222,Standard
4043,70512,2026-08-18,12889,Premium
4044,70517,2026-08-31,10730,Budget
4045,70525,2026-08-06,14976,Standard
4046,70535,2026-08-08,6101,Budget
4047,70549,2026-08-23,3087,Budget
4048,70559,2026-08-19,9777,Standard
4049,70579,2026-08-01,3072,Premium
4050,70583,2026-08-13,13045,Standard
4051,70617,2026-08-19,13332,Premium
4052,70618,2026-08-13,14724,Standard
4053,70628,2026-08-05,4246,Budget
4054,70650,2026-08-19,6258,Standard
4055,70657,2026-08-31,7749,Budget
4056,70674,2026-08-06,14002,Budget
4057,70680,2026-08-15,8066,Budget
4058,70698,2026-08-19,12203,Standard
4059,70753,2026-08-18,11833,Luxury
4060,70776,2026-08-17,4901,Standard
4061,70789,2026-08-13,5603,Budget
4062,70812,2026-08-31,14273,Standard
4063,70820,2026-08-27,8545,Premium
4064,70827,2026-08-27,10181,Standard
4065,70845,2026-08-28,3471,Standard
4066,70852,2026-08-20,6409,Standard
4067,70871,2026-08-17,9531,Budget
4068,70877,2026-08-28,6702,Premium
4069,70884,2026-08-27,13851,Luxury
4070,70906,2026-08-13,10048,Budget
4071,70942,2026-08-09,12984,Standard
4072,70979,2026-08-22,2564,Luxury
4073,70982,2026-08-17,3952,Budget
4074,70984,2026-08-28,14056,Budget
4075,70988,2026-08-18,2642,Budget
4076,70993,2026-08-17,3177,Standard
4077,71016,2026-08-13,2379,Premium
4078,71044,2026-08-31,11480,Standard
4079,71059,2026-08-15,5815,Premium
4080,71076,2026-08-10,7454,Budget
4081,71087,2026-08-19,2218,Standard
4082,71090,2026-08-04,7831,Budget
4083,71092,2026-08-30,6782,Standard
4084,71105,2026-08-15,9569,Premium
4085,71109,2026-08-02,2645,Budget
4086,71211,2026-08-15,5413,Premium
4087,71230,2026-08-14,12540,Standard
4088,71279,2026-08-05,11331,Standard
4089,71280,2026-08-04,14841,Budget
4090,71290,2026-08-16,4900,Budget
4091,71330,2026-08-05,6731,Standard
4092,71343,2026-08-31,9218,Standard
4093,71349,2026-08-09,3803,Budget
4094,71351,2026-08-21,8500,Standard
4095,71357,2026-08-07,11679,Budget
4096,71388,2026-08-28,13740,Budget
4097,71397,2026-08-14,2137,Premium
4098,71401,2026-08-11,9101,Standard
4099,71406,2026-08-25,14353,Standard
4100,71413,2026-08-22,6627,Premium
4101,71414,2026-08-22,4327,Premium
4102,71434,2026-08-31,13813,Budget
4103,71437,2026-08-07,4363,Standard
4104,71493,2026-08-27,11039,Premium
4105,71514,2026-08-11,10993,Premium
4106,71522,2026-08-06,4367,Standard
4107,71531,2026-08-16,4488,Premium
4108,71552,2026-09-02,5504,Premium
4109,71560,2026-08-28,2225,Budget
4110,71564,2026-08-24,10785,Standard
4111,71589,2026-08-02,12666,Budget
4112,71606,2026-08-15,3075,Budget
4113,71609,2026-08-23,9975,Luxury
4114,71610,2026-08-24,10782,Standard
4115,71614,2026-08-29,6906,Premium
4116,71627,2026-08-19,4031,Standard
4117,71666,2026-08-28,4372,Standard
4118,71674,2026-08-23,10033,Premium
4119,71683,2026-08-12,13608,Standard
4120,71701,2026-08-29,9528,Standard
4121,71719,2026-08-28,2034,Budget
4122,71730,2026-08-21,9594,Budget
4123,71740,2026-08-06,14494,Standard
4124,71751,2026-08-05,8887,Budget
4125,71803,2026-08-13,14308,Standard
4126,71813,2026-08-26,4845,Premium
4127,71850,2026-08-23,3487,Standard
4128,71856,2026-08-04,3130,Budget
4129,71857,2026-08-28,5207,Budget
4130,71858,2026-08-16,6102,Standard
4131,71868,2026-08-20,10157,Standard
4132,71869,2026-08-11,5172,Standard
4133,71876,2026-08-11,3178,Budget
4134,71885,2026-08-05,2344,Standard
4135,71891,2026-08-30,3760,Standard
4136,71894,2026-08-16,7299,Budget
4137,71917,2026-08-28,12628,Premium
4138,71926,2026-08-19,8049,Premium
4139,71935,2026-08-18,7320,Luxury
4140,71939,2026-08-27,4679,Standard
4141,71949,2026-08-07,5433,Standard
4142,71953,2026-08-04,3050,Standard
4143,71980,2026-08-06,3617,Budget
4144,71987,2026-08-25,2073,Budget
4145,72029,2026-08-09,13834,Budget
4146,72040,2026-08-21,7824,Budget
4147,72047,2026-08-09,11421,Standard
4148,72059,2026-08-14,10286,Budget
4149,72090,2026-08-30,13149,Standard
4150,72100,2026-08-21,11024,Standard
4151,72138,2026-08-27,13544,Standard
4152,72148,2026-08-12,10550,Standard
4153,72192,2026-08-21,12291,Standard
4154,72197,2026-08-27,3196,Premium
4155,72203,2026-08-06,8254,Premium
4156,72207,2026-08-16,13429,Premium
4157,72274,2026-08-12,3466,Premium
4158,72312,2026-08-09,11088,Standard
4159,72316,2026-08-21,4776,Budget
4160,72318,2026-08-09,14782,Budget
4161,72319,2026-08-20,12778,Budget
4162,72320,2026-08-25,11633,Premium
4163,72323,2026-08-15,14560,Standard
4164,72332,2026-08-18,11048,Budget
4165,72339,2026-08-12,5661,Budget
4166,72348,2026-08-03,14846,Standard
4167,72350,2026-08-30,5176,Standard
4168,72362,2026-08-30,10656,Standard
4169,72380,2026-08-13,5566,Budget
4170,72408,2026-08-25,12442,Standard
4171,72409,2026-08-28,14718,Budget
4172,72410,2026-08-10,9551,Budget
4173,72427,2026-08-08,11366,Standard
4174,72435,2026-08-12,14582,Premium
4175,72465,2026-08-09,2192,Standard
4176,72505,2026-08-10,5592,Budget
4177,72514,2026-08-10,3498,Standard
4178,72527,2026-08-16,5335,Budget
4179,72534,2026-08-08,7298,Budget
4180,72547,2026-08-23,5822,Standard
4181,72551,2026-08-15,4930,Standard
4182,72591,2026-08-06,8807,Standard
4183,72604,2026-08-03,6704,Premium
4184,72606,2026-08-28,10454,Budget
4185,72657,2026-08-13,13819,Standard
4186,72662,2026-08-28,8819,Standard
4187,72666,2026-08-14,8753,Budget
4188,72687,2026-08-27,8171,Standard
4189,72701,2026-08-30,6513,Premium
4190,72723,2026-08-23,6807,Budget
4191,72757,2026-09-02,9222,Premium
4192,72768,2026-08-21,10230,Premium
4193,72775,2026-08-07,4038,Budget
4194,72784,2026-08-02,7259,Standard
4195,72798,2026-08-02,3762,Premium
4196,72804,2026-08-08,7198,Premium
4197,72810,2026-08-21,8934,Budget
4198,72817,2026-08-31,4689,Budget
4199,72826,2026-08-13,9121,Premium
4200,72841,2026-08-14,13719,Standard
4201,72871,2026-08-13,13419,Budget
4202,72901,2026-08-05,7688,Standard
4203,72918,2026-08-28,12886,Standard
4204,72931,2026-08-21,4791,Standard
4205,72933,2026-08-03,10927,Budget
4206,72972,2026-08-14,12354,Budget
4207,72986,2026-08-13,11755,Budget
4208,73021,2026-08-05,5344,Standard
4209,73039,2026-08-11,10123,Standard
4210,73070,2026-08-14,5878,Standard
4211,73085,2026-08-07,6496,Budget
4212,73105,2026-08-27,2689,Standard
4213,73118,2026-08-24,14841,Standard
4214,73149,2026-08-09,2954,Budget
4215,73155,2026-08-28,3140,Budget
4216,73171,2026-09-02,10443,Standard
4217,73177,2026-08-10,8665,Standard
4218,73178,2026-08-12,7717,Premium
4219,73180,2026-09-01,4102,Budget
4220,73184,2026-08-04,6318,Standard
4221,73189,2026-08-31,8586,Premium
4222,73219,2026-08-18,11663,Premium
4223,73229,2026-08-15,9304,Premium
4224,73242,2026-08-09,9144,Luxury
4225,73259,2026-08-09,12717,Standard
4226,73266,2026-08-06,13212,Budget
4227,73267,2026-08-09,12741,Standard
4228,73303,2026-08-26,11815,Premium
4229,73329,2026-08-13,3637,Standard
4230,73367,2026-08-18,12217,Premium
4231,73371,2026-08-06,6083,Standard
4232,73373,2026-08-25,4727,Luxury
4233,73429,2026-08-21,6682,Standard
4234,73430,2026-08-21,12223,Premium
4235,73449,2026-08-18,14518,Premium
4236,73461,2026-08-05,13321,Luxury
4237,73495,2026-08-15,8585,Standard
4238,73517,2026-08-25,7805,Premium
4239,73552,2026-08-17,6527,Budget
4240,73557,2026-08-17,8597,Budget
4241,73591,2026-08-26,2120,Premium
4242,73627,2026-08-06,10450,Budget
4243,73632,2026-08-14,5974,Premium
4244,73635,2026-08-06,9461,Budget
4245,73644,2026-08-16,4763,Budget
4246,73659,2026-08-13,13879,Standard
4247,73683,2026-08-01,10078,Budget
4248,73690,2026-08-30,12677,Standard
4249,73699,2026-08-16,4321,Standard
4250,73710,2026-08-15,6916,Budget
4251,73734,2026-08-14,4243,Standard
4252,73742,2026-08-31,5931,Standard
4253,73766,2026-08-03,13214,Premium
4254,73773,2026-08-24,2706,Standard
4255,73777,2026-09-01,11047,Budget
4256,73794,2026-08-15,3397,Premium
4257,73797,2026-08-15,8778,Standard
4258,73803,2026-09-01,3958,Budget
4259,73829,2026-08-04,12614,Premium
4260,73883,2026-08-10,2792,Standard
4261,73884,2026-08-14,13986,Budget
4262,73887,2026-08-05,13616,Luxury
4263,73888,2026-08-14,8184,Luxury
4264,73909,2026-08-09,9632,Standard
4265,73931,2026-08-30,4426,Standard
4266,73968,2026-08-08,13887,Budget
4267,73980,2026-08-04,7472,Standard
4268,73987,2026-08-18,12791,Standard
4269,73989,2026-08-12,13258,Premium
4270,74006,2026-08-29,11103,Budget
4271,74027,2026-08-22,4601,Premium
4272,74042,2026-08-16,12051,Budget
4273,74052,2026-08-16,4511,Standard
4274,74129,2026-08-08,6156,Standard
4275,74141,2026-08-19,13892,Standard
4276,74142,2026-08-12,3754,Budget
4277,74166,2026-08-23,12804,Premium
4278,74170,2026-08-04,11714,Standard
4279,74191,2026-08-20,4585,Standard
4280,74202,2026-08-29,14489,Luxury
4281,74204,2026-08-04,9335,Budget
4282,74235,2026-08-20,7361,Standard
4283,74248,2026-08-05,6418,Premium
4284,74283,2026-08-28,12413,Standard
4285,74320,2026-08-30,8861,Standard
4286,74348,2026-08-24,8216,Budget
4287,74378,2026-08-31,5108,Standard
4288,74381,2026-09-01,4461,Budget
4289,74382,2026-08-19,2722,Premium
4290,74390,2026-08-12,12395,Budget
4291,74403,2026-08-23,2258,Standard
4292,74412,2026-08-28,5251,Standard
4293,74438,2026-08-15,5935,Budget
4294,74451,2026-08-09,4910,Budget
4295,74458,2026-08-30,11337,Premium
4296,74488,2026-08-17,12031,Budget
4297,74511,2026-08-26,3198,Premium
4298,74530,2026-08-27,8463,Budget
4299,74552,2026-08-31,12267,Budget
4300,74568,2026-08-24,11060,Standard
4301,74571,2026-08-29,9297,Premium
4302,74585,2026-08-27,5088,Premium
4303,74601,2026-08-25,10012,Standard
4304,74608,2026-08-19,6704,Standard
4305,74612,2026-08-08,2664,Standard
4306,74626,2026-09-01,7363,Standard
4307,74631,2026-08-16,12976,Budget
4308,74646,2026-08-26,13442,Standard
4309,74655,2026-08-25,4626,Standard
4310,74660,2026-08-24,9578,Premium
4311,74669,2026-08-24,9894,Budget
4312,74673,2026-08-11,3481,Luxury
4313,74689,2026-08-26,8089,Budget
4314,74721,2026-08-28,8939,Budget
4315,74731,2026-08-07,12174,Standard
4316,74732,2026-08-07,7083,Budget
4317,74745,2026-08-29,3889,Standard
4318,74760,2026-08-31,13338,Premium
4319,74768,2026-08-13,14512,Budget
4320,74779,2026-08-28,11083,Standard
4321,74799,2026-08-26,12632,Standard
4322,74800,2026-08-20,12676,Budget
4323,74859,2026-08-10,2475,Premium
4324,74903,2026-08-19,2713,Standard
4325,74915,2026-08-22,2369,Premium
4326,74938,2026-08-13,5409,Standard
4327,74939,2026-08-27,10325,Standard
4328,74957,2026-08-13,3445,Standard
4329,74961,2026-08-21,2605,Standard
4330,74966,2026-08-25,2999,Standard
4331,74975,2026-08-13,3867,Premium
4332,74979,2026-08-08,5953,Standard
4333,75014,2026-08-31,4140,Standard
4334,75037,2026-08-14,14324,Budget
4335,75044,2026-08-06,11042,Budget
4336,75046,2026-08-21,5260,Standard
4337,75052,2026-08-10,5490,Standard
4338,75083,2026-08-29,10337,Luxury
4339,75091,2026-08-08,5136,Standard
4340,75094,2026-08-17,3393,Standard
4341,75111,2026-08-16,14405,Standard
4342,75128,2026-08-20,4087,Budget
4343,75133,2026-08-08,14542,Luxury
4344,75161,2026-08-10,4766,Premium
4345,75187,2026-08-03,2313,Budget
4346,75193,2026-09-02,6868,Standard
4347,75255,2026-08-21,3604,Budget
4348,75276,2026-08-27,12963,Budget
4349,75301,2026-08-28,5319,Premium
4350,75316,2026-08-15,9911,Standard
4351,75340,2026-08-16,10915,Standard
4352,75352,2026-08-14,6339,Budget
4353,75375,2026-08-30,6148,Budget
4354,75378,2026-08-16,5444,Luxury
4355,75385,2026-08-17,13521,Standard
4356,75450,2026-09-02,5039,Budget
4357,75476,2026-08-10,12341,Standard
4358,75481,2026-08-27,9635,Luxury
4359,75489,2026-08-14,9366,Standard
4360,75494,2026-08-18,2188,Standard
4361,75523,2026-08-20,4091,Luxury
4362,75576,2026-08-15,10147,Budget
4363,75599,2026-08-20,10490,Luxury
4364,75613,2026-08-30,9374,Standard
4365,75616,2026-08-10,5653,Budget
4366,75637,2026-08-09,11179,Premium
4367,75655,2026-08-21,7155,Budget
4368,75658,2026-08-07,4114,Standard
4369,75672,2026-08-08,7650,Budget
4370,75685,2026-08-23,9540,Premium
4371,75724,2026-08-19,14069,Standard
4372,75728,2026-08-20,7571,Standard
4373,75743,2026-08-30,4523,Standard
4374,75751,2026-08-28,13486,Budget
4375,75777,2026-08-20,4896,Premium
4376,75797,2026-08-30,8136,Standard
4377,75805,2026-08-24,4348,Budget
4378,75821,2026-08-10,5429,Budget
4379,75824,2026-08-14,13553,Standard
4380,75855,2026-08-27,2322,Standard
4381,75862,2026-08-21,14218,Budget
4382,75875,2026-08-27,13426,Luxury
4383,75916,2026-08-18,13920,Standard
4384,75927,2026-08-19,10283,Standard
4385,75932,2026-08-20,3509,Luxury
4386,75939,2026-08-15,3297,Standard
4387,75944,2026-08-11,7848,Premium
4388,75981,2026-08-06,14455,Luxury
4389,75995,2026-08-30,9307,Budget
4390,76034,2026-08-25,14963,Budget
4391,76049,2026-08-09,13363,Standard
4392,76063,2026-08-29,8330,Premium
4393,76078,2026-08-04,5023,Luxury
4394,76100,2026-08-14,3133,Budget
4395,76102,2026-08-25,3066,Budget
4396,76108,2026-08-11,12921,Budget
4397,76137,2026-08-14,6407,Standard
4398,76138,2026-09-01,11706,Budget
4399,76140,2026-08-29,5873,Budget
4400,76150,2026-08-09,9052,Premium
4401,76187,2026-08-19,12409,Premium
4402,76194,2026-08-26,11251,Standard
4403,76205,2026-08-26,9337,Luxury
4404,76214,2026-08-29,3064,Standard
4405,76236,2026-08-24,8631,Budget
4406,76299,2026-08-12,6637,Standard
4407,76339,2026-08-15,3872,Budget
4408,76361,2026-08-07,11576,Premium
4409,76365,2026-08-05,12695,Standard
4410,76377,2026-08-06,14194,Budget
4411,76412,2026-08-02,10316,Budget
4412,76441,2026-08-28,6220,Premium
4413,76498,2026-08-19,2466,Standard
4414,76515,2026-08-27,7812,Budget
4415,76530,2026-08-10,2057,Budget
4416,76549,2026-08-22,13859,Premium
4417,76556,2026-08-21,12484,Standard
4418,76579,2026-08-30,6945,Premium
4419,76604,2026-08-15,10165,Premium
4420,76617,2026-08-06,6817,Budget
4421,76645,2026-09-02,10324,Standard
4422,76654,2026-08-20,6172,Budget
4423,76672,2026-08-26,2423,Premium
4424,76673,2026-08-10,7698,Budget
4425,76699,2026-08-31,14101,Standard
4426,76714,2026-08-09,11061,Standard
4427,76757,2026-08-13,5898,Premium
4428,76783,2026-08-20,2289,Premium
4429,76823,2026-08-16,14574,Standard
4430,76855,2026-08-29,12219,Premium
4431,76862,2026-09-01,14109,Standard
4432,76921,2026-08-02,9333,Budget
4433,76948,2026-08-27,9943,Standard
4434,76953,2026-08-24,2451,Budget
4435,76960,2026-08-29,2079,Budget
4436,76966,2026-08-05,12225,Standard
4437,76974,2026-09-01,6536,Budget
4438,76980,2026-08-10,5912,Luxury
4439,77001,2026-08-25,14875,Standard
4440,77011,2026-08-25,2873,Standard
4441,77013,2026-08-18,8050,Budget
4442,77023,2026-08-20,5727,Standard
4443,77038,2026-08-27,13339,Standard
4444,77047,2026-08-15,7253,Premium
4445,77058,2026-08-09,3004,Standard
4446,77072,2026-08-06,10866,Luxury
4447,77089,2026-08-30,8003,Premium
4448,77106,2026-08-05,5901,Standard
4449,77110,2026-08-08,11401,Standard
4450,77119,2026-08-05,9491,Budget
4451,77164,2026-08-11,9594,Standard
4452,77180,2026-08-03,6062,Standard
4453,77219,2026-08-22,10948,Budget
4454,77227,2026-08-23,3598,Standard
4455,77233,2026-08-10,10129,Standard
4456,77273,2026-08-30,8073,Budget
4457,77316,2026-08-20,4612,Premium
4458,77328,2026-08-30,11365,Standard
4459,77329,2026-08-11,4055,Luxury
4460,77334,2026-08-13,9777,Budget
4461,77337,2026-08-24,7335,Standard
4462,77369,2026-08-09,4371,Budget
4463,77392,2026-08-25,7336,Budget
4464,77450,2026-08-08,9536,Standard
4465,77458,2026-08-07,2394,Budget
4466,77466,2026-08-20,2739,Budget
4467,77470,2026-08-22,9459,Budget
4468,77481,2026-08-06,7106,Premium
4469,77487,2026-08-03,9201,Premium
4470,77495,2026-08-30,4013,Standard
4471,77499,2026-08-26,4746,Budget
4472,77523,2026-08-02,3219,Premium
4473,77569,2026-08-09,9310,Standard
4474,77627,2026-08-11,13751,Budget
4475,77631,2026-08-15,3124,Budget
4476,77637,2026-08-16,14355,Standard
4477,77645,2026-08-14,12685,Budget
4478,77662,2026-08-31,4465,Standard
4479,77711,2026-08-18,11093,Standard
4480,77715,2026-08-19,10213,Budget
4481,77725,2026-08-28,14391,Standard
4482,77731,2026-08-27,13978,Budget
4483,77733,2026-08-21,14035,Standard
4484,77739,2026-08-12,11786,Budget
4485,77749,2026-08-25,8579,Budget
4486,77766,2026-08-30,5529,Standard
4487,77818,2026-08-06,7431,Premium
4488,77845,2026-08-27,3836,Standard
4489,77863,2026-08-05,6068,Standard
4490,77904,2026-08-03,11673,Budget
4491,77908,2026-09-01,12521,Premium
4492,77928,2026-08-17,10657,Premium
4493,77947,2026-08-29,2442,Premium
4494,77958,2026-08-15,14060,Standard
4495,77985,2026-08-24,2239,Luxury
4496,78002,2026-08-19,10321,Premium
4497,78014,2026-08-12,14011,Standard
4498,78023,2026-08-29,6822,Luxury
4499,78043,2026-08-09,9459,Premium
4500,78075,2026-08-11,3409,Premium
4501,78096,2026-08-13,10415,Budget
4502,78103,2026-08-17,2031,Premium
4503,78115,2026-08-24,4556,Budget
4504,78120,2026-08-15,13844,Budget
4505,78142,2026-08-15,7490,Standard
4506,78144,2026-08-27,14375,Premium
4507,78167,2026-08-22,8121,Budget
4508,78188,2026-08-29,6638,Premium
4509,78258,2026-08-04,8072,Standard
4510,78296,2026-08-14,2559,Budget
4511,78335,2026-08-12,12165,Standard
4512,78362,2026-08-28,12319,Budget
4513,78382,2026-08-09,5600,Premium
4514,78409,2026-08-04,2204,Premium
4515,78411,2026-08-06,13863,Premium
4516,78441,2026-08-30,3638,Standard
4517,78442,2026-08-31,5475,Standard
4518,78506,2026-08-27,12829,Budget
4519,78516,2026-08-29,2494,Budget
4520,78526,2026-08-27,4091,Standard
4521,78539,2026-08-06,2826,Budget
4522,78544,2026-08-23,14784,Standard
4523,78558,2026-08-31,4478,Standard
4524,78591,2026-08-26,2300,Standard
4525,78608,2026-08-21,6967,Budget
4526,78614,2026-08-07,12982,Standard
4527,78622,2026-08-06,10367,Standard
4528,78685,2026-08-13,2555,Standard
4529,78690,2026-08-19,11651,Standard
4530,78698,2026-08-22,11719,Standard
4531,78700,2026-08-13,14477,Standard
4532,78730,2026-08-23,5766,Premium
4533,78746,2026-08-09,5081,Premium
4534,78765,2026-08-19,13340,Standard
4535,78766,2026-08-10,8496,Standard
4536,78784,2026-08-21,3405,Premium
4537,78809,2026-08-11,7309,Premium
4538,78839,2026-08-25,10078,Budget
4539,78844,2026-08-18,3384,Luxury
4540,78851,2026-08-09,14818,Budget
4541,78856,2026-08-25,14809,Budget
4542,78901,2026-08-12,13074,Standard
4543,78909,2026-08-21,13801,Budget
4544,78925,2026-08-03,4980,Standard
4545,78946,2026-08-31,12777,Premium
4546,78960,2026-08-19,14930,Premium
4547,78963,2026-08-22,9944,Premium
4548,78966,2026-08-24,12774,Standard
4549,78995,2026-09-02,11552,Premium
4550,79006,2026-08-12,7171,Standard
4551,79008,2026-08-22,7628,Standard
4552,79018,2026-08-02,3764,Standard
4553,79020,2026-08-09,9172,Budget
4554,79052,2026-08-12,5785,Budget
4555,79071,2026-08-28,8346,Standard
4556,79072,2026-08-27,6206,Budget
4557,79073,2026-08-08,2133,Budget
4558,79082,2026-08-25,14052,Budget
4559,79084,2026-08-05,11817,Standard
4560,79092,2026-08-10,4974,Premium
4561,79102,2026-08-28,2426,Budget
4562,79134,2026-08-19,4564,Budget
4563,79152,2026-08-15,10121,Luxury
4564,79184,2026-08-23,6795,Premium
4565,79199,2026-08-31,9487,Premium
4566,79209,2026-08-04,3140,Standard
4567,79210,2026-08-12,9100,Standard
4568,79213,2026-08-04,14231,Premium
4569,79215,2026-08-09,5092,Standard
4570,79225,2026-08-14,12724,Standard
4571,79239,2026-08-28,10749,Standard
4572,79258,2026-08-03,2007,Premium
4573,79268,2026-08-15,14783,Standard
4574,79273,2026-08-05,9871,Premium
4575,79288,2026-08-13,12627,Budget
4576,79299,2026-08-08,7636,Budget
4577,79349,2026-08-04,5013,Budget
4578,79359,2026-09-01,7751,Luxury
4579,79363,2026-08-18,6235,Standard
4580,79375,2026-08-03,6247,Standard
4581,79387,2026-08-26,12519,Premium
4582,79405,2026-08-31,6708,Budget
4583,79419,2026-08-23,11389,Standard
4584,79438,2026-08-12,8402,Premium
4585,79441,2026-08-02,5302,Budget
4586,79443,2026-08-14,9485,Premium
4587,79448,2026-08-31,14301,Budget
4588,79449,2026-08-01,2303,Budget
4589,79507,2026-08-16,4498,Standard
4590,79516,2026-08-16,4043,Premium
4591,79529,2026-08-27,6585,Budget
4592,79532,2026-08-15,3832,Standard
4593,79539,2026-08-15,12284,Standard
4594,79548,2026-08-19,9438,Standard
4595,79551,2026-08-19,7540,Premium
4596,79578,2026-08-16,12428,Luxury
4597,79614,2026-08-29,11797,Standard
4598,79628,2026-08-06,13475,Standard
4599,79649,2026-08-19,7389,Luxury
4600,79663,2026-08-20,4178,Standard
4601,79679,2026-08-10,10856,Budget
4602,79716,2026-08-05,7661,Luxury
4603,79741,2026-08-27,8023,Budget
4604,79756,2026-08-26,9716,Budget
4605,79779,2026-08-16,8026,Budget
4606,79787,2026-08-28,5314,Premium
4607,79794,2026-08-18,2384,Premium
4608,79807,2026-08-04,6500,Budget
4609,79834,2026-08-12,12130,Budget
4610,79850,2026-08-27,3198,Standard
4611,79880,2026-08-21,8309,Standard
4612,79897,2026-08-18,7738,Standard
4613,79938,2026-08-13,8998,Luxury
4614,79944,2026-08-25,8065,Standard
4615,79957,2026-08-22,11556,Standard
4616,79976,2026-08-22,10974,Luxury
4617,79982,2026-08-24,9668,Standard
4618,79992,2026-08-28,4652,Budget
4619,80013,2026-08-15,6336,Standard
4620,80014,2026-08-19,2436,Standard
4621,80029,2026-08-21,2333,Budget
4622,80063,2026-08-06,11500,Premium
4623,80065,2026-08-13,4025,Standard
4624,80100,2026-08-26,2133,Budget
4625,80123,2026-08-17,9196,Budget
4626,80124,2026-08-22,4489,Budget
4627,80152,2026-08-15,2410,Budget
4628,80157,2026-08-26,2222,Luxury
4629,80160,2026-08-14,13548,Standard
4630,80188,2026-08-28,13806,Budget
4631,80197,2026-08-26,2690,Standard
4632,80198,2026-09-02,9625,Premium
4633,80230,2026-08-14,10864,Budget
4634,80252,2026-08-12,12342,Standard
4635,80272,2026-08-06,6529,Standard
4636,80275,2026-08-09,14296,Budget
4637,80323,2026-09-01,13018,Premium
4638,80343,2026-09-01,3101,Premium
4639,80345,2026-08-14,2801,Budget
4640,80348,2026-08-03,11100,Premium
4641,80392,2026-08-29,12150,Budget
4642,80408,2026-08-19,6809,Standard
4643,80413,2026-08-24,8486,Standard
4644,80435,2026-08-13,9835,Premium
4645,80456,2026-09-01,9922,Standard
4646,80458,2026-08-23,3759,Premium
4647,80459,2026-08-26,13728,Luxury
4648,80493,2026-08-17,11383,Standard
4649,80503,2026-08-28,11055,Budget
4650,80505,2026-08-17,10232,Budget
4651,80556,2026-08-23,5960,Budget
4652,80571,2026-08-02,10476,Standard
4653,80636,2026-08-11,13356,Standard
4654,80638,2026-08-06,11005,Budget
4655,80690,2026-08-31,13539,Budget
4656,80708,2026-08-26,11990,Budget
4657,80763,2026-08-07,3187,Budget
4658,80773,2026-08-20,3339,Standard
4659,80777,2026-08-07,8751,Premium
4660,80787,2026-08-24,8865,Luxury
4661,80803,2026-08-21,6759,Budget
4662,80818,2026-08-13,13679,Budget
4663,80822,2026-08-07,4387,Premium
4664,80847,2026-08-19,9906,Budget
4665,80859,2026-08-23,12929,Premium
4666,80866,2026-08-05,7893,Premium
4667,80867,2026-08-05,2148,Standard
4668,80873,2026-08-29,6745,Standard
4669,80926,2026-08-26,3029,Standard
4670,80943,2026-08-28,12112,Standard
4671,80950,2026-08-30,14809,Budget
4672,80973,2026-08-10,10912,Premium
4673,80999,2026-09-02,7589,Premium
4674,81034,2026-08-24,14685,Premium
4675,81039,2026-08-26,12095,Budget
4676,81053,2026-08-28,4431,Standard
4677,81060,2026-08-11,14168,Premium
4678,81095,2026-09-02,10434,Standard
4679,81102,2026-08-08,14510,Standard
4680,81118,2026-08-14,7427,Standard
4681,81121,2026-08-23,11239,Budget
4682,81124,2026-08-25,8188,Standard
4683,81131,2026-08-22,6550,Standard
4684,81204,2026-09-01,9188,Budget
4685,81209,2026-08-08,4178,Standard
4686,81211,2026-08-19,5205,Budget
4687,81222,2026-08-25,13763,Luxury
4688,81236,2026-08-30,12297,Premium
4689,81245,2026-08-04,10975,Premium
4690,81258,2026-08-25,11595,Standard
4691,81287,2026-08-03,3544,Budget
4692,81367,2026-08-12,3668,Standard
4693,81385,2026-08-18,5704,Premium
4694,81429,2026-08-12,3564,Standard
4695,81447,2026-08-08,13154,Premium
4696,81456,2026-08-30,13985,Standard
4697,81459,2026-08-13,14438,Premium
4698,81467,2026-08-07,5223,Premium
4699,81488,2026-08-03,13850,Premium
4700,81489,2026-08-24,9436,Budget
4701,81504,2026-08-10,3114,Budget
4702,81509,2026-08-07,9627,Standard
4703,81541,2026-08-10,13588,Premium
4704,81569,2026-08-30,9810,Budget
4705,81587,2026-08-31,10265,Budget
4706,81599,2026-08-02,2430,Budget
4707,81604,2026-08-24,12060,Budget
4708,81607,2026-08-16,7097,Standard
4709,81621,2026-08-28,13649,Premium
4710,81679,2026-08-09,6823,Standard
4711,81692,2026-08-07,3444,Premium
4712,81705,2026-08-13,11447,Budget
4713,81706,2026-08-27,14569,Premium
4714,81718,2026-08-04,12712,Budget
4715,81728,2026-08-13,11148,Standard
4716,81750,2026-08-09,4102,Budget
4717,81760,2026-08-23,14505,Standard
4718,81761,2026-08-15,13663,Budget
4719,81775,2026-08-17,2764,Standard
4720,81785,2026-09-03,11973,Standard
4721,81808,2026-08-26,12265,Budget
4722,81818,2026-08-12,9376,Budget
4723,81821,2026-08-18,8084,Budget
4724,81853,2026-08-05,10518,Standard
4725,81857,2026-08-16,3649,Budget
4726,81869,2026-08-22,11808,Budget
4727,81876,2026-08-24,13177,Budget
4728,81889,2026-08-05,11448,Premium
4729,81935,2026-08-27,14689,Premium
4730,81942,2026-08-29,10240,Luxury
4731,81949,2026-08-07,14363,Budget
4732,81997,2026-08-09,4768,Budget
4733,82019,2026-08-16,13878,Budget
4734,82039,2026-08-26,5405,Budget
4735,82044,2026-08-20,14766,Standard
4736,82045,2026-08-14,4585,Budget
4737,82048,2026-08-18,9823,Budget
4738,82066,2026-08-10,6831,Budget
4739,82073,2026-09-01,14403,Budget
4740,82075,2026-08-31,12165,Standard
4741,82104,2026-08-17,6046,Premium
4742,82119,2026-08-05,5015,Standard
4743,82157,2026-08-30,3317,Budget
4744,82159,2026-08-03,12505,Standard
4745,82173,2026-08-17,6665,Standard
4746,82180,2026-08-20,7601,Standard
4747,82183,2026-08-14,3233,Standard
4748,82193,2026-08-20,12971,Budget
4749,82238,2026-08-22,10673,Budget
4750,82251,2026-09-02,2109,Premium
4751,82268,2026-09-02,14903,Budget
4752,82284,2026-08-20,13657,Luxury
4753,82291,2026-08-27,7263,Budget
4754,82293,2026-08-30,7204,Standard
4755,82308,2026-08-29,6949,Budget
4756,82309,2026-08-21,12173,Premium
4757,82318,2026-08-09,11574,Premium
4758,82324,2026-08-24,10954,Budget
4759,82329,2026-08-19,14056,Standard
4760,82356,2026-08-26,13580,Standard
4761,82366,2026-08-09,2800,Standard
4762,82384,2026-08-08,11407,Budget
4763,82420,2026-08-06,14504,Premium
4764,82421,2026-08-30,10012,Budget
4765,82422,2026-08-07,14163,Standard
4766,82434,2026-08-12,3131,Budget
4767,82437,2026-08-14,5878,Standard
4768,82441,2026-08-10,5167,Budget
4769,82449,2026-08-22,12270,Standard
4770,82455,2026-08-12,13782,Premium
4771,82468,2026-08-17,4406,Luxury
4772,82469,2026-08-07,8918,Budget
4773,82474,2026-08-06,6454,Premium
4774,82484,2026-08-15,3028,Budget
4775,82499,2026-08-22,12674,Budget
4776,82501,2026-08-01,4854,Premium
4777,82506,2026-08-08,12777,Budget
4778,82517,2026-08-03,14559,Standard
4779,82540,2026-08-04,7838,Budget
4780,82544,2026-08-07,9105,Standard
4781,82556,2026-08-27,6205,Standard
4782,82565,2026-08-23,6329,Budget
4783,82587,2026-08-17,13846,Premium
4784,82595,2026-08-29,5027,Standard
4785,82596,2026-08-27,13657,Premium
4786,82626,2026-09-02,6148,Budget
4787,82637,2026-08-30,2212,Budget
4788,82648,2026-08-05,12619,Budget
4789,82657,2026-08-23,6408,Standard
4790,82671,2026-08-15,10364,Budget
4791,82676,2026-08-31,4622,Budget
4792,82686,2026-08-31,12161,Budget
4793,82692,2026-08-20,5251,Standard
4794,82756,2026-08-09,8217,Budget
4795,82762,2026-08-23,14353,Standard
4796,82814,2026-08-25,7652,Budget
4797,82825,2026-08-12,10238,Premium
4798,82833,2026-08-05,14587,Budget
4799,82836,2026-08-23,4248,Budget
4800,82848,2026-08-11,8675,Standard
4801,82862,2026-08-23,9727,Luxury
4802,82869,2026-08-04,4381,Budget
4803,82895,2026-08-21,7721,Budget
4804,82925,2026-08-11,4942,Budget
4805,82928,2026-08-11,8558,Standard
4806,82957,2026-08-20,13384,Standard
4807,82961,2026-08-25,9705,Premium
4808,82984,2026-08-17,8291,Premium
4809,82990,2026-08-04,3416,Luxury
4810,82998,2026-09-01,5522,Standard
4811,83013,2026-08-25,13390,Standard
4812,83021,2026-08-01,13734,Budget
4813,83028,2026-08-24,13910,Budget
4814,83030,2026-08-25,6368,Standard
4815,83046,2026-08-31,5342,Budget
4816,83107,2026-08-30,4800,Standard
4817,83115,2026-08-12,11046,Standard
4818,83172,2026-09-01,13925,Budget
4819,83179,2026-08-19,13238,Standard
4820,83209,2026-08-09,2710,Budget
4821,83268,2026-08-28,3000,Standard
4822,83269,2026-08-13,6548,Budget
4823,83275,2026-08-15,6584,Standard
4824,83286,2026-08-20,5526,Premium
4825,83305,2026-08-16,3699,Standard
4826,83309,2026-08-30,7822,Budget
4827,83312,2026-08-27,5924,Standard
4828,83408,2026-08-10,6062,Standard
4829,83473,2026-08-30,6037,Budget
4830,83522,2026-08-05,10569,Budget
4831,83536,2026-08-27,10866,Budget
4832,83541,2026-08-22,10629,Standard
4833,83559,2026-08-10,8399,Standard
4834,83585,2026-08-02,7310,Standard
4835,83602,2026-08-10,7455,Premium
4836,83640,2026-08-15,9661,Premium
4837,83645,2026-08-26,6156,Budget
4838,83646,2026-08-14,5222,Standard
4839,83655,2026-08-31,14510,Budget
4840,83663,2026-08-27,11669,Budget
4841,83700,2026-08-22,6880,Standard
4842,83730,2026-08-10,3428,Premium
4843,83848,2026-08-14,3165,Standard
4844,83853,2026-08-31,2371,Budget
4845,83894,2026-08-19,10367,Standard
4846,83915,2026-08-25,8396,Standard
4847,83994,2026-08-14,2722,Premium
4848,84014,2026-08-10,9346,Budget
4849,84042,2026-08-06,7853,Standard
4850,84053,2026-08-29,14499,Premium
4851,84057,2026-08-17,12878,Premium
4852,84120,2026-08-16,9138,Budget
4853,84140,2026-08-12,4117,Standard
4854,84163,2026-08-31,7441,Standard
4855,84201,2026-08-06,12021,Premium
4856,84247,2026-08-06,8850,Premium
4857,84265,2026-08-28,13244,Standard
4858,84279,2026-08-14,3935,Standard
4859,84299,2026-08-11,6742,Budget
4860,84315,2026-08-17,8059,Standard
4861,84329,2026-08-25,13633,Budget
4862,84332,2026-08-26,4926,Premium
4863,84348,2026-08-31,13662,Budget
4864,84354,2026-08-25,2595,Standard
4865,84394,2026-08-31,10604,Budget
4866,84407,2026-08-15,10880,Budget
4867,84427,2026-08-22,7784,Standard
4868,84430,2026-08-25,13043,Premium
4869,84432,2026-08-22,4293,Premium
4870,84473,2026-08-07,8725,Premium
4871,84530,2026-08-12,3185,Budget
4872,84535,2026-08-07,12666,Standard
4873,84544,2026-08-07,4922,Standard
4874,84550,2026-08-08,14563,Standard
4875,84595,2026-08-30,14092,Standard
4876,84599,2026-08-30,13521,Standard
4877,84616,2026-08-11,7038,Standard
4878,84739,2026-08-31,13520,Premium
4879,84746,2026-08-23,3409,Premium
4880,84752,2026-08-14,8868,Standard
4881,84768,2026-08-02,9265,Standard
4882,84778,2026-08-26,5943,Standard
4883,84785,2026-08-28,10765,Standard
4884,84796,2026-08-07,8016,Standard
4885,84825,2026-08-03,14957,Budget
4886,84834,2026-08-09,7060,Premium
4887,84862,2026-08-28,10565,Standard
4888,84870,2026-08-10,4982,Budget
4889,84877,2026-08-18,11645,Premium
4890,84897,2026-08-11,2669,Budget
4891,84931,2026-08-17,14802,Premium
4892,84946,2026-08-28,3433,Standard
4893,84979,2026-08-26,14877,Budget
4894,84984,2026-08-23,4205,Standard
4895,85007,2026-08-23,8587,Budget
4896,85021,2026-08-10,6350,Budget
4897,85045,2026-08-12,4712,Premium
4898,85053,2026-08-30,4579,Standard
4899,85089,2026-09-02,13867,Standard
4900,85103,2026-08-15,3811,Budget
4901,85108,2026-08-16,4922,Standard
4902,85110,2026-08-22,12497,Premium
4903,85141,2026-08-07,11388,Standard
4904,85172,2026-08-18,3898,Standard
4905,85179,2026-08-20,12542,Luxury
4906,85195,2026-08-23,2215,Budget
4907,85212,2026-08-07,7600,Standard
4908,85214,2026-08-04,8845,Premium
4909,85225,2026-08-19,9209,Premium
4910,85236,2026-08-31,14343,Standard
4911,85249,2026-08-14,7453,Budget
4912,85258,2026-08-09,8571,Standard
4913,85272,2026-08-29,3959,Standard
4914,85340,2026-08-07,11557,Budget
4915,85343,2026-08-28,4749,Budget
4916,85372,2026-08-19,14294,Budget
4917,85382,2026-08-04,5482,Premium
4918,85396,2026-08-12,12122,Budget
4919,85415,2026-08-10,8044,Budget
4920,85439,2026-08-13,5275,Budget
4921,85443,2026-08-20,10547,Standard
4922,85451,2026-08-21,10122,Budget
4923,85464,2026-08-28,10524,Standard
4924,85472,2026-08-06,11632,Budget
4925,85500,2026-08-14,2482,Budget
4926,85512,2026-08-23,3831,Standard
4927,85535,2026-08-20,8903,Standard
4928,85546,2026-08-29,2436,Premium
4929,85551,2026-08-11,14585,Premium
4930,85582,2026-08-13,14825,Standard
4931,85600,2026-08-23,14691,Premium
4932,85652,2026-08-12,13107,Premium
4933,85675,2026-08-22,12906,Budget
4934,85693,2026-08-16,9227,Budget
4935,85700,2026-08-26,7426,Premium
4936,85702,2026-08-10,7868,Standard
4937,85712,2026-08-27,13457,Budget
4938,85738,2026-08-19,13544,Premium
4939,85739,2026-08-06,13390,Standard
4940,85744,2026-08-26,12847,Premium
4941,85775,2026-08-15,11632,Standard
4942,85780,2026-08-21,2795,Standard
4943,85809,2026-08-28,9678,Premium
4944,85813,2026-08-19,11909,Standard
4945,85815,2026-08-07,5221,Standard
4946,85886,2026-08-10,6023,Standard
4947,85890,2026-08-08,6541,Budget
4948,85913,2026-08-29,13938,Premium
4949,85955,2026-08-12,13700,Standard
4950,85963,2026-08-20,11107,Standard
4951,86013,2026-08-16,10655,Premium
4952,86064,2026-08-30,12660,Premium
4953,86092,2026-08-30,11117,Budget
4954,86093,2026-08-31,6816,Standard
4955,86107,2026-08-07,9547,Premium
4956,86153,2026-08-16,13143,Standard
4957,86161,2026-08-27,13133,Budget
4958,86165,2026-08-05,8808,Budget
4959,86174,2026-08-05,13246,Standard
4960,86179,2026-08-27,3466,Standard
4961,86215,2026-08-07,6498,Budget
4962,86228,2026-08-07,5478,Standard
4963,86233,2026-08-06,9411,Budget
4964,86246,2026-08-11,6864,Standard
4965,86272,2026-08-30,5343,Standard
4966,86277,2026-08-27,9820,Budget
4967,86304,2026-08-15,14757,Standard
4968,86395,2026-08-17,4523,Standard
4969,86405,2026-08-14,8851,Budget
4970,86413,2026-08-10,10763,Standard
4971,86514,2026-08-22,9134,Budget
4972,86524,2026-08-13,12675,Standard
4973,86530,2026-08-29,4912,Budget
4974,86540,2026-08-13,6013,Standard
4975,86553,2026-08-06,6070,Budget
4976,86563,2026-08-08,6277,Budget
4977,86565,2026-08-04,6550,Budget
4978,86573,2026-08-07,3011,Standard
4979,86610,2026-08-28,4396,Budget
4980,86619,2026-08-18,5262,Budget
4981,86622,2026-08-05,7539,Budget
4982,86655,2026-08-09,10771,Premium
4983,86660,2026-08-15,10907,Budget
4984,86679,2026-08-26,6705,Standard
4985,86684,2026-08-11,14857,Premium
4986,86716,2026-08-11,9098,Premium
4987,86723,2026-08-14,8031,Luxury
4988,86724,2026-08-03,7436,Luxury
4989,86729,2026-08-31,9238,Premium
4990,86738,2026-08-14,13449,Standard
4991,86757,2026-08-31,6728,Budget
4992,86764,2026-08-16,13416,Standard
4993,86778,2026-08-12,6877,Premium
4994,86794,2026-08-18,10267,Budget
4995,86812,2026-08-21,8222,Standard
4996,86835,2026-08-30,8462,Budget
4997,86857,2026-08-08,13598,Standard
4998,86867,2026-08-10,7687,Budget
4999,86884,2026-08-25,13852,Standard
5000,86888,2026-09-03,4127,Standard
5001,86983,2026-08-28,7371,Standard
5002,87010,2026-08-14,7152,Standard
5003,87043,2026-08-23,5185,Standard
5004,87047,2026-08-05,14603,Standard
5005,87053,2026-08-06,9791,Standard
5006,87138,2026-08-22,8093,Budget
5007,87142,2026-08-28,7610,Luxury
5008,87211,2026-08-28,13183,Standard
5009,87218,2026-08-21,13994,Standard
5010,87219,2026-08-21,10873,Budget
5011,87223,2026-08-19,13937,Budget
5012,87239,2026-08-05,10605,Standard
5013,87267,2026-08-22,10684,Premium
5014,87289,2026-08-04,10602,Standard
5015,87363,2026-08-12,14081,Budget
5016,87372,2026-09-01,10154,Budget
5017,87393,2026-08-07,6836,Budget
5018,87415,2026-08-25,6160,Standard
5019,87422,2026-08-23,12091,Budget
5020,87425,2026-08-08,7143,Budget
5021,87461,2026-08-25,10243,Budget
5022,87463,2026-08-28,11417,Premium
5023,87491,2026-08-12,2507,Standard
5024,87492,2026-08-05,7213,Premium
5025,87541,2026-08-13,6371,Luxury
5026,87568,2026-08-06,4584,Premium
5027,87572,2026-08-22,9281,Budget
5028,87574,2026-08-24,7313,Standard
5029,87624,2026-08-17,5886,Standard
5030,87630,2026-08-25,9715,Standard
5031,87640,2026-08-17,3342,Standard
5032,87642,2026-08-08,8174,Premium
5033,87658,2026-08-11,3104,Budget
5034,87674,2026-08-15,8117,Standard
5035,87675,2026-08-28,14336,Premium
5036,87683,2026-08-31,14560,Budget
5037,87694,2026-08-10,3225,Standard
5038,87695,2026-08-10,14490,Budget
5039,87696,2026-08-05,5066,Standard
5040,87715,2026-08-12,5907,Standard
5041,87735,2026-08-10,5479,Standard
5042,87748,2026-08-25,11722,Standard
5043,87753,2026-08-06,2037,Premium
5044,87805,2026-08-11,5013,Standard
5045,87836,2026-08-04,14528,Standard
5046,87854,2026-09-02,4611,Standard
5047,87861,2026-08-24,6643,Budget
5048,87886,2026-08-12,11184,Luxury
5049,87902,2026-08-26,9950,Budget
5050,87907,2026-08-24,6266,Premium
5051,87929,2026-08-22,5618,Standard
5052,87934,2026-08-14,2663,Luxury
5053,87935,2026-08-25,9612,Budget
5054,87940,2026-08-23,4422,Standard
5055,87964,2026-08-14,4238,Premium
5056,87968,2026-08-08,10821,Budget
5057,87972,2026-08-07,6173,Budget
5058,87991,2026-08-10,14848,Budget
5059,88012,2026-08-05,2738,Standard
5060,88014,2026-08-06,9476,Budget
5061,88016,2026-08-18,11716,Standard
5062,88020,2026-08-27,9458,Premium
5063,88043,2026-08-19,14930,Premium
5064,88075,2026-08-28,4757,Luxury
5065,88124,2026-08-18,11542,Premium
5066,88127,2026-08-19,7205,Standard
5067,88130,2026-08-28,6123,Budget
5068,88152,2026-08-11,9600,Budget
5069,88183,2026-08-15,5386,Standard
5070,88213,2026-08-17,3663,Standard
5071,88236,2026-08-04,11073,Budget
5072,88238,2026-08-31,3012,Luxury
5073,88240,2026-08-20,14688,Standard
5074,88242,2026-08-16,9240,Luxury
5075,88264,2026-08-25,12636,Budget
5076,88273,2026-08-06,8132,Standard
5077,88275,2026-08-07,10083,Standard
5078,88302,2026-08-06,11257,Standard
5079,88307,2026-08-19,4293,Standard
5080,88325,2026-08-24,4151,Standard
5081,88353,2026-08-17,6474,Budget
5082,88368,2026-08-28,2722,Premium
5083,88399,2026-08-11,4063,Standard
5084,88400,2026-08-14,11056,Luxury
5085,88410,2026-08-06,3797,Standard
5086,88418,2026-08-03,10637,Budget
5087,88429,2026-08-19,14965,Luxury
5088,88535,2026-08-29,12068,Standard
5089,88559,2026-08-27,10465,Budget
5090,88561,2026-08-02,4938,Standard
5091,88575,2026-08-10,10413,Standard
5092,88591,2026-08-29,4296,Budget
5093,88630,2026-08-18,12230,Standard
5094,88632,2026-08-10,8321,Luxury
5095,88656,2026-08-19,4120,Standard
5096,88667,2026-08-24,8272,Standard
5097,88672,2026-08-28,14959,Standard
5098,88673,2026-08-10,8102,Premium
5099,88689,2026-08-16,11490,Standard
5100,88718,2026-08-08,9946,Standard
5101,88724,2026-08-15,10217,Budget
5102,88740,2026-08-06,10484,Luxury
5103,88756,2026-09-02,12541,Premium
5104,88787,2026-08-15,9775,Standard
5105,88790,2026-08-09,11598,Budget
5106,88802,2026-08-23,10188,Standard
5107,88808,2026-09-01,8631,Standard
5108,88853,2026-08-12,10801,Standard
5109,88855,2026-09-03,9681,Premium
5110,88868,2026-08-03,7897,Budget
5111,88870,2026-08-25,9050,Premium
5112,88872,2026-08-19,2626,Standard
5113,88891,2026-08-28,7843,Budget
5114,88906,2026-08-12,8414,Budget
5115,88913,2026-08-27,10339,Budget
5116,88981,2026-08-21,10702,Standard
5117,88982,2026-08-18,9764,Standard
5118,88992,2026-08-31,11547,Standard
5119,89005,2026-08-17,9014,Premium
5120,89053,2026-08-19,12746,Standard
5121,89059,2026-08-22,10156,Budget
5122,89079,2026-08-17,8370,Premium
5123,89098,2026-08-27,14794,Budget
5124,89099,2026-08-08,3292,Budget
5125,89103,2026-08-07,7617,Budget
5126,89118,2026-08-08,2171,Standard
5127,89139,2026-08-30,5796,Standard
5128,89148,2026-08-11,6954,Premium
5129,89160,2026-08-31,3849,Premium
5130,89161,2026-08-10,4823,Luxury
5131,89178,2026-08-22,4448,Luxury
5132,89188,2026-08-03,5178,Standard
5133,89201,2026-08-30,9991,Budget
5134,89217,2026-08-05,7950,Standard
5135,89228,2026-09-02,10313,Premium
5136,89262,2026-08-17,8892,Standard
5137,89301,2026-08-21,13302,Luxury
5138,89339,2026-08-29,11005,Standard
5139,89364,2026-08-29,4612,Standard
5140,89404,2026-08-05,5561,Premium
5141,89405,2026-08-22,12005,Budget
5142,89433,2026-08-03,13933,Budget
5143,89438,2026-09-02,2331,Standard
5144,89467,2026-08-19,3448,Luxury
5145,89536,2026-08-20,6501,Premium
5146,89573,2026-08-13,9685,Budget
5147,89579,2026-09-03,3844,Budget
5148,89583,2026-08-22,12912,Standard
5149,89617,2026-08-14,5665,Standard
5150,89685,2026-08-15,6478,Standard
5151,89694,2026-08-03,8011,Standard
5152,89703,2026-08-17,3983,Premium
5153,89755,2026-08-16,5669,Premium
5154,89779,2026-08-30,4253,Standard
5155,89790,2026-08-24,8782,Premium
5156,89818,2026-08-20,3639,Standard
5157,89819,2026-08-08,5140,Budget
5158,89866,2026-08-04,5454,Standard
5159,89895,2026-08-13,4183,Budget
5160,89930,2026-08-02,5320,Budget
5161,89932,2026-08-29,4962,Budget
5162,89949,2026-08-20,8878,Premium
5163,89950,2026-08-08,12707,Premium
5164,89956,2026-08-22,9473,Standard
5165,90001,2026-08-09,3243,Standard
5166,90003,2026-08-28,2996,Standard
5167,90007,2026-08-31,5600,Premium
5168,90017,2026-08-20,5162,Standard
5169,90031,2026-08-06,14424,Standard
5170,90038,2026-08-14,9016,Budget
5171,90045,2026-08-28,6283,Budget
5172,90048,2026-08-30,12791,Budget
5173,90054,2026-08-10,12344,Budget
5174,90066,2026-08-13,9814,Premium
5175,90084,2026-08-31,9956,Budget
5176,90101,2026-08-07,3189,Standard
5177,90104,2026-08-25,3447,Budget
5178,90121,2026-08-09,3074,Standard
5179,90139,2026-08-19,4555,Budget
5180,90178,2026-08-31,10954,Standard
5181,90181,2026-08-15,12309,Luxury
5182,90184,2026-08-14,13037,Budget
5183,90200,2026-08-30,4268,Premium
5184,90234,2026-08-26,5494,Premium
5185,90237,2026-08-15,7522,Premium
5186,90246,2026-08-04,3488,Budget
5187,90251,2026-08-16,5114,Standard
5188,90266,2026-08-24,14255,Premium
5189,90297,2026-08-21,3247,Standard
5190,90300,2026-08-11,6996,Standard
5191,90304,2026-08-20,2588,Standard
5192,90306,2026-08-04,3322,Premium
5193,90315,2026-08-14,14314,Standard
5194,90323,2026-08-22,8290,Budget
5195,90348,2026-08-16,8958,Standard
5196,90368,2026-08-10,13652,Premium
5197,90395,2026-08-17,2695,Standard
5198,90406,2026-08-14,4127,Premium
5199,90415,2026-08-20,11426,Standard
5200,90419,2026-08-17,14399,Standard
5201,90478,2026-08-28,13136,Budget
5202,90482,2026-08-14,4989,Standard
5203,90514,2026-08-26,6480,Standard
5204,90618,2026-08-16,3655,Standard
5205,90698,2026-08-02,12629,Budget
5206,90723,2026-08-27,8932,Luxury
5207,90736,2026-08-18,6632,Budget
5208,90763,2026-08-24,10917,Luxury
5209,90771,2026-08-18,3808,Standard
5210,90780,2026-08-08,4429,Standard
5211,90823,2026-08-14,5194,Premium
5212,90854,2026-08-03,14222,Premium
5213,90876,2026-08-14,2150,Standard
5214,90899,2026-09-01,8188,Budget
5215,90918,2026-09-01,9412,Budget
5216,90923,2026-08-17,10565,Budget
5217,90936,2026-08-03,10599,Premium
5218,90988,2026-08-15,10300,Premium
5219,91013,2026-08-05,5432,Standard
5220,91041,2026-08-06,13204,Standard
5221,91096,2026-08-21,6098,Standard
5222,91129,2026-08-05,10281,Standard
5223,91143,2026-08-13,9764,Standard
5224,91156,2026-08-29,12429,Budget
5225,91171,2026-08-12,8055,Standard
5226,91198,2026-08-23,2142,Budget
5227,91211,2026-08-10,13984,Standard
5228,91218,2026-08-30,13264,Budget
5229,91270,2026-08-08,5889,Standard
5230,91278,2026-08-24,14771,Luxury
5231,91288,2026-09-01,7817,Premium
5232,91312,2026-08-02,13838,Standard
5233,91337,2026-08-20,13901,Standard
5234,91402,2026-08-25,8999,Standard
5235,91417,2026-08-11,5915,Budget
5236,91467,2026-08-14,10118,Premium
5237,91480,2026-08-15,6265,Standard
5238,91483,2026-08-18,6967,Luxury
5239,91502,2026-08-05,8133,Premium
5240,91504,2026-08-23,13370,Budget
5241,91523,2026-08-30,12102,Premium
5242,91555,2026-08-14,11341,Standard
5243,91587,2026-08-19,9141,Standard
5244,91603,2026-08-11,10929,Budget
5245,91629,2026-08-20,7970,Budget
5246,91655,2026-08-27,2779,Budget
5247,91687,2026-08-04,13075,Premium
5248,91736,2026-08-10,13642,Premium
5249,91763,2026-08-18,10951,Standard
5250,91771,2026-08-10,11794,Budget
5251,91779,2026-08-22,6173,Standard
5252,91784,2026-08-19,13392,Budget
5253,91787,2026-08-22,7436,Premium
5254,91788,2026-08-18,8728,Standard
5255,91797,2026-08-19,12720,Standard
5256,91800,2026-08-23,11076,Standard
5257,91804,2026-08-22,8288,Premium
5258,91836,2026-08-24,8566,Budget
5259,91854,2026-08-22,14937,Budget
5260,91881,2026-08-15,12854,Budget
5261,91893,2026-09-01,13171,Standard
5262,91906,2026-08-28,10344,Premium
5263,91934,2026-08-30,13544,Budget
5264,91935,2026-08-05,10766,Budget
5265,91947,2026-08-05,13626,Premium
5266,92025,2026-08-25,12835,Standard
5267,92034,2026-08-30,4079,Budget
5268,92056,2026-08-03,11601,Budget
5269,92071,2026-08-30,6976,Budget
5270,92106,2026-08-28,4229,Standard
5271,92144,2026-08-20,13119,Budget
5272,92159,2026-08-07,10281,Budget
5273,92160,2026-08-14,10720,Budget
5274,92185,2026-08-22,11547,Budget
5275,92189,2026-08-06,14093,Premium
5276,92197,2026-08-31,7600,Standard
5277,92202,2026-08-26,14259,Budget
5278,92215,2026-08-19,7061,Premium
5279,92219,2026-08-06,8207,Budget
5280,92224,2026-08-07,3121,Premium
5281,92244,2026-08-11,9626,Premium
5282,92249,2026-08-14,3007,Standard
5283,92259,2026-08-22,11261,Standard
5284,92289,2026-08-11,5452,Standard
5285,92347,2026-08-08,7324,Budget
5286,92357,2026-08-03,12013,Budget
5287,92366,2026-08-21,2327,Premium
5288,92397,2026-08-28,4321,Budget
5289,92405,2026-08-10,6233,Budget
5290,92423,2026-08-21,10686,Standard
5291,92439,2026-09-01,5555,Budget
5292,92475,2026-08-05,6631,Premium
5293,92494,2026-08-20,11676,Standard
5294,92548,2026-08-10,10793,Premium
5295,92568,2026-08-28,5605,Premium
5296,92576,2026-08-04,6022,Premium
5297,92602,2026-08-02,7479,Standard
5298,92632,2026-08-11,14998,Budget
5299,92633,2026-09-01,7877,Premium
5300,92655,2026-08-22,12568,Budget
5301,92658,2026-08-28,2608,Standard
5302,92677,2026-08-07,9041,Budget
5303,92702,2026-08-29,11693,Budget
5304,92716,2026-08-12,5982,Standard
5305,92720,2026-08-14,13394,Budget
5306,92723,2026-08-14,13612,Premium
5307,92729,2026-08-15,9771,Standard
5308,92733,2026-08-07,4258,Budget
5309,92748,2026-08-09,4274,Luxury
5310,92810,2026-08-06,5445,Premium
5311,92817,2026-08-08,11138,Luxury
5312,92825,2026-08-11,12841,Standard
5313,92855,2026-08-20,7134,Standard
5314,92857,2026-08-09,8260,Standard
5315,92883,2026-08-04,4700,Standard
5316,92905,2026-08-15,2431,Budget
5317,92929,2026-08-21,8721,Standard
5318,92930,2026-08-28,14735,Luxury
5319,92936,2026-08-24,2043,Budget
5320,92955,2026-08-22,11423,Budget
5321,92975,2026-08-27,11112,Budget
5322,92978,2026-08-26,2917,Standard
5323,93007,2026-08-10,7323,Standard
5324,93010,2026-09-01,13617,Standard
5325,93030,2026-08-25,6725,Budget
5326,93038,2026-08-12,10985,Standard
5327,93115,2026-08-12,4621,Standard
5328,93121,2026-08-15,8730,Premium
5329,93126,2026-08-26,7628,Budget
5330,93133,2026-08-15,13029,Budget
5331,93149,2026-08-24,3653,Budget
5332,93161,2026-08-19,14460,Standard
5333,93176,2026-08-07,6384,Budget
5334,93189,2026-08-28,3241,Budget
5335,93196,2026-08-19,3415,Premium
5336,93249,2026-08-11,3484,Budget
5337,93252,2026-08-06,2297,Standard
5338,93265,2026-08-15,6575,Budget
5339,93268,2026-09-01,7186,Budget
5340,93269,2026-08-09,8162,Standard
5341,93273,2026-08-09,7933,Premium
5342,93302,2026-08-19,8317,Standard
5343,93331,2026-08-29,14156,Budget
5344,93379,2026-08-08,13494,Standard
5345,93384,2026-08-14,12921,Standard
5346,93446,2026-08-25,4241,Standard
5347,93451,2026-08-16,12186,Budget
5348,93455,2026-08-20,5074,Standard
5349,93477,2026-08-28,9416,Standard
5350,93485,2026-08-28,4477,Standard
5351,93486,2026-08-05,5570,Premium
5352,93487,2026-08-26,11275,Standard
5353,93492,2026-08-23,2211,Budget
5354,93504,2026-08-12,7695,Budget
5355,93513,2026-08-17,2503,Premium
5356,93577,2026-08-18,4757,Standard
5357,93579,2026-08-25,11444,Standard
5358,93580,2026-08-13,2007,Budget
5359,93586,2026-08-15,12462,Standard
5360,93605,2026-08-26,3478,Premium
5361,93684,2026-08-27,5580,Standard
5362,93715,2026-08-06,13922,Standard
5363,93723,2026-08-25,2248,Budget
5364,93728,2026-08-25,12709,Standard
5365,93729,2026-08-15,13301,Budget
5366,93790,2026-08-02,8269,Standard
5367,93805,2026-08-31,3183,Budget
5368,93844,2026-08-23,7144,Standard
5369,93867,2026-08-22,9388,Budget
5370,93884,2026-08-21,5155,Standard
5371,93903,2026-08-28,9341,Standard
5372,93948,2026-08-16,10542,Luxury
5373,93963,2026-08-13,6792,Luxury
5374,93978,2026-08-25,9931,Budget
5375,94003,2026-08-07,8698,Standard
5376,94007,2026-08-24,5659,Standard
5377,94031,2026-08-03,2736,Budget
5378,94035,2026-08-22,12627,Standard
5379,94040,2026-08-06,3838,Standard
5380,94047,2026-08-29,8233,Standard
5381,94064,2026-08-30,9237,Budget
5382,94069,2026-08-14,6723,Budget
5383,94086,2026-08-16,5602,Standard
5384,94113,2026-08-20,7178,Premium
5385,94116,2026-08-30,13783,Premium
5386,94140,2026-08-25,9386,Standard
5387,94144,2026-08-03,7118,Standard
5388,94176,2026-08-23,10075,Luxury
5389,94195,2026-08-07,8185,Budget
5390,94198,2026-08-10,5950,Premium
5391,94234,2026-08-20,10498,Standard
5392,94264,2026-08-24,7971,Premium
5393,94265,2026-08-24,4972,Budget
5394,94270,2026-08-08,5755,Budget
5395,94311,2026-08-06,8715,Budget
5396,94335,2026-08-04,10492,Budget
5397,94341,2026-08-24,3249,Budget
5398,94388,2026-08-22,3289,Luxury
5399,94389,2026-08-11,2403,Budget
5400,94412,2026-08-06,3588,Budget
5401,94423,2026-08-08,7592,Standard
5402,94429,2026-08-30,5043,Standard
5403,94431,2026-08-24,9520,Standard
5404,94445,2026-08-13,7176,Standard
5405,94459,2026-08-21,2005,Standard
5406,94468,2026-08-26,3240,Premium
5407,94472,2026-08-24,14174,Budget
5408,94540,2026-08-11,10465,Premium
5409,94541,2026-08-29,10001,Budget
5410,94543,2026-08-31,4236,Premium
5411,94548,2026-08-22,7478,Standard
5412,94566,2026-09-01,9524,Standard
5413,94597,2026-08-07,12259,Budget
5414,94601,2026-08-14,6423,Standard
5415,94651,2026-09-02,4590,Budget
5416,94683,2026-08-10,11874,Standard
5417,94701,2026-08-29,14941,Budget
5418,94703,2026-08-05,6854,Luxury
5419,94716,2026-08-03,14160,Premium
5420,94718,2026-08-16,14970,Standard
5421,94726,2026-08-17,8122,Standard
5422,94749,2026-08-17,2785,Standard
5423,94771,2026-09-02,7649,Budget
5424,94778,2026-08-09,8542,Standard
5425,94798,2026-08-16,8760,Budget
5426,94808,2026-08-12,14269,Standard
5427,94840,2026-08-21,8298,Budget
5428,94849,2026-08-31,14199,Budget
5429,94867,2026-08-25,10871,Standard
5430,94872,2026-08-09,7346,Premium
5431,94883,2026-08-06,11690,Standard
5432,94897,2026-08-08,5947,Standard
5433,94900,2026-08-23,8855,Budget
5434,94920,2026-08-13,9986,Standard
5435,94926,2026-08-20,3944,Standard
5436,94950,2026-08-14,3767,Budget
5437,94967,2026-08-30,5458,Budget
5438,95000,2026-08-13,7266,Standard
5439,95047,2026-08-17,11314,Budget
5440,95080,2026-08-29,3826,Standard
5441,95151,2026-08-16,12952,Standard
5442,95158,2026-08-18,4872,Budget
5443,95235,2026-08-27,6903,Premium
5444,95240,2026-08-11,3381,Premium
5445,95245,2026-08-18,7027,Premium
5446,95266,2026-08-24,7731,Luxury
5447,95273,2026-08-19,9462,Premium
5448,95282,2026-09-01,7009,Premium
5449,95300,2026-08-08,9403,Standard
5450,95315,2026-08-21,12034,Budget
5451,95338,2026-08-21,13343,Standard
5452,95346,2026-08-24,10557,Standard
5453,95354,2026-08-27,14838,Luxury
5454,95410,2026-08-12,7903,Standard
5455,95413,2026-08-27,6948,Premium
5456,95438,2026-08-26,8494,Standard
5457,95481,2026-08-28,14729,Budget
5458,95497,2026-08-21,12916,Premium
5459,95541,2026-08-09,5685,Standard
5460,95574,2026-08-21,2138,Budget
5461,95578,2026-08-30,14915,Standard
5462,95581,2026-08-05,12893,Premium
5463,95584,2026-08-10,11589,Standard
5464,95605,2026-08-03,14159,Budget
5465,95607,2026-09-01,7295,Premium
5466,95612,2026-08-27,14327,Budget
5467,95643,2026-08-24,9099,Premium
5468,95673,2026-08-28,8075,Budget
5469,95694,2026-08-19,13371,Standard
5470,95721,2026-08-21,12543,Standard
5471,95727,2026-08-11,4121,Premium
5472,95762,2026-08-28,14994,Budget
5473,95789,2026-08-24,4693,Budget
5474,95819,2026-08-06,13228,Budget
5475,95862,2026-08-30,8306,Premium
5476,95885,2026-09-02,9653,Budget
5477,95930,2026-08-07,3327,Budget
5478,95950,2026-08-19,4461,Premium
5479,95952,2026-08-03,6501,Budget
5480,95954,2026-08-22,13050,Standard
5481,95958,2026-08-12,11546,Budget
5482,95964,2026-08-06,7983,Premium
5483,96012,2026-08-28,3708,Standard
5484,96014,2026-08-29,9411,Standard
5485,96063,2026-08-18,14237,Premium
5486,96067,2026-08-06,6756,Standard
5487,96086,2026-08-26,12791,Standard
5488,96087,2026-08-11,2869,Standard
5489,96091,2026-08-21,13591,Premium
5490,96110,2026-08-05,12572,Premium
5491,96112,2026-08-09,5958,Standard
5492,96127,2026-09-01,5353,Budget
5493,96145,2026-08-31,10642,Budget
5494,96189,2026-08-25,10843,Budget
5495,96217,2026-08-23,8307,Budget
5496,96241,2026-08-11,9711,Budget
5497,96249,2026-08-22,9719,Budget
5498,96257,2026-08-17,3796,Budget
5499,96277,2026-09-02,7306,Standard
5500,96288,2026-08-17,14743,Budget
5501,96295,2026-08-06,12416,Standard
5502,96316,2026-08-06,3230,Standard
5503,96353,2026-08-10,12793,Budget
5504,96364,2026-08-16,7270,Budget
5505,96393,2026-08-30,13850,Budget
5506,96405,2026-08-30,3550,Standard
5507,96439,2026-08-03,13029,Premium
5508,96447,2026-08-24,6822,Budget
5509,96461,2026-08-14,10966,Standard
5510,96499,2026-08-05,12128,Standard
5511,96508,2026-08-19,4598,Budget
5512,96520,2026-08-20,3932,Standard
5513,96549,2026-08-11,13920,Budget
5514,96576,2026-08-30,5301,Budget
5515,96581,2026-08-07,7439,Standard
5516,96602,2026-08-06,6174,Standard
5517,96647,2026-08-13,5444,Premium
5518,96672,2026-08-18,8932,Budget
5519,96682,2026-08-15,8585,Standard
5520,96685,2026-08-14,4037,Premium
5521,96711,2026-08-23,8527,Standard
5522,96724,2026-08-11,11492,Premium
5523,96725,2026-08-25,10790,Budget
5524,96726,2026-08-10,3089,Budget
5525,96731,2026-08-19,11292,Standard
5526,96765,2026-08-26,5811,Standard
5527,96789,2026-08-04,7911,Budget
5528,96818,2026-08-22,5954,Budget
5529,96836,2026-08-25,14507,Premium
5530,96873,2026-08-06,9744,Premium
5531,96944,2026-08-28,11978,Premium
5532,96951,2026-08-12,7338,Standard
5533,96956,2026-08-30,8607,Budget
5534,96957,2026-08-07,5083,Standard
5535,96979,2026-08-14,12949,Standard
5536,96998,2026-08-03,10902,Standard
5537,97005,2026-08-04,9834,Standard
5538,97037,2026-08-04,3158,Standard
5539,97039,2026-08-09,8069,Standard
5540,97045,2026-08-29,10734,Budget
5541,97048,2026-08-28,12707,Budget
5542,97068,2026-08-26,5179,Budget
5543,97134,2026-08-25,12578,Premium
5544,97139,2026-08-26,4083,Premium
5545,97150,2026-08-05,9945,Standard
5546,97153,2026-08-23,6581,Standard
5547,97180,2026-08-27,4831,Premium
5548,97198,2026-08-07,2920,Budget
5549,97199,2026-08-10,9427,Premium
5550,97200,2026-08-06,13912,Budget
5551,97203,2026-08-31,14249,Premium
5552,97225,2026-08-11,7038,Standard
5553,97229,2026-08-05,10245,Standard
5554,97240,2026-08-31,5448,Premium
5555,97255,2026-08-02,12427,Budget
5556,97267,2026-08-08,2850,Standard
5557,97273,2026-08-29,7035,Budget
5558,97300,2026-08-05,4477,Standard
5559,97326,2026-08-27,4977,Luxury
5560,97351,2026-08-09,7520,Premium
5561,97352,2026-08-16,6286,Premium
5562,97373,2026-08-17,12567,Budget
5563,97378,2026-08-21,6907,Budget
5564,97409,2026-08-06,11948,Standard
5565,97426,2026-08-14,2146,Standard
5566,97427,2026-08-31,14717,Standard
5567,97440,2026-08-07,9078,Standard
5568,97516,2026-08-18,10873,Standard
5569,97541,2026-08-30,10660,Standard
5570,97550,2026-08-18,13515,Standard
5571,97565,2026-08-16,3317,Budget
5572,97566,2026-08-28,11368,Standard
5573,97569,2026-08-02,11135,Standard
5574,97575,2026-08-28,8671,Standard
5575,97590,2026-08-24,9391,Standard
5576,97606,2026-08-06,4874,Standard
5577,97613,2026-08-05,8368,Budget
5578,97640,2026-08-25,8982,Standard
5579,97691,2026-08-15,14864,Standard
5580,97741,2026-08-22,4921,Budget
5581,97744,2026-08-04,8840,Budget
5582,97748,2026-08-03,6058,Standard
5583,97761,2026-08-26,14212,Standard
5584,97769,2026-08-28,14318,Premium
5585,97773,2026-08-17,12930,Standard
5586,97811,2026-08-24,6674,Budget
5587,97814,2026-08-17,6634,Budget
5588,97841,2026-08-12,10184,Premium
5589,97846,2026-08-21,5991,Premium
5590,97890,2026-08-06,5146,Budget
5591,97898,2026-08-31,5419,Premium
5592,97933,2026-08-24,2049,Premium
5593,97934,2026-08-22,10492,Budget
5594,97938,2026-08-25,11601,Budget
5595,97974,2026-08-05,12299,Standard
5596,98008,2026-08-05,9119,Premium
5597,98019,2026-08-21,10885,Standard
5598,98062,2026-08-26,13550,Standard
5599,98077,2026-08-21,4214,Premium
5600,98151,2026-08-13,8142,Standard
5601,98164,2026-08-07,9157,Budget
5602,98165,2026-08-18,5536,Standard
5603,98169,2026-08-28,11911,Standard
5604,98182,2026-08-23,6740,Standard
5605,98196,2026-08-05,14307,Luxury
5606,98245,2026-08-12,7958,Premium
5607,98281,2026-08-25,10247,Budget
5608,98340,2026-08-06,10107,Budget
5609,98386,2026-08-06,6650,Budget
5610,98406,2026-08-11,5881,Standard
5611,98434,2026-08-08,10898,Premium
5612,98441,2026-08-09,4487,Budget
5613,98450,2026-08-21,7006,Standard
5614,98452,2026-08-21,13095,Standard
5615,98455,2026-08-28,3620,Budget
5616,98464,2026-08-29,9508,Budget
5617,98480,2026-08-13,8471,Budget
5618,98545,2026-08-15,5818,Budget
5619,98549,2026-08-20,4075,Standard
5620,98554,2026-08-16,3945,Premium
5621,98555,2026-09-01,6954,Budget
5622,98570,2026-08-28,3080,Budget
5623,98590,2026-08-29,5079,Premium
5624,98592,2026-08-25,13783,Budget
5625,98608,2026-08-31,6639,Luxury
5626,98623,2026-08-17,10571,Standard
5627,98645,2026-08-25,3354,Budget
5628,98665,2026-08-24,3774,Budget
5629,98675,2026-08-28,4708,Premium
5630,98689,2026-08-08,5613,Budget
5631,98697,2026-08-04,14905,Standard
5632,98727,2026-08-19,5171,Standard
5633,98753,2026-08-08,10307,Budget
5634,98763,2026-08-21,5690,Standard
5635,98804,2026-08-03,4275,Luxury
5636,98809,2026-08-11,10826,Standard
5637,98810,2026-08-17,14682,Budget
5638,98845,2026-08-21,2310,Luxury
5639,98852,2026-08-04,9985,Budget
5640,98926,2026-08-15,12547,Budget
5641,98931,2026-08-14,10631,Premium
5642,98952,2026-08-17,5110,Standard
5643,98975,2026-08-26,13556,Premium
5644,98982,2026-09-01,10569,Standard
5645,98985,2026-08-16,11207,Premium
5646,98990,2026-08-07,14990,Standard
5647,99018,2026-08-20,14148,Standard
5648,99025,2026-08-21,2172,Budget
5649,99035,2026-08-24,5822,Budget
5650,99041,2026-08-31,9141,Standard
5651,99055,2026-08-17,6908,Budget
5652,99056,2026-09-01,2071,Premium
5653,99099,2026-08-20,13608,Standard
5654,99101,2026-08-30,14779,Budget
5655,99124,2026-08-13,6184,Budget
5656,99139,2026-08-05,2202,Premium
5657,99173,2026-08-29,14682,Standard
5658,99222,2026-08-16,12371,Standard
5659,99226,2026-08-30,3861,Standard
5660,99231,2026-08-12,6710,Standard
5661,99235,2026-08-24,12006,Premium
5662,99239,2026-08-27,11802,Standard
5663,99285,2026-08-25,9874,Premium
5664,99317,2026-08-13,5908,Standard
5665,99320,2026-08-15,14464,Premium
5666,99359,2026-08-15,2555,Premium
5667,99362,2026-08-26,5005,Standard
5668,99403,2026-08-10,14922,Budget
5669,99417,2026-08-15,14451,Budget
5670,99447,2026-08-12,2251,Standard
5671,99465,2026-08-13,11856,Standard
5672,99479,2026-08-20,2390,Standard
5673,99492,2026-08-18,10104,Budget
5674,99493,2026-08-18,2224,Standard
5675,99526,2026-08-13,4269,Budget
5676,99528,2026-08-31,5755,Budget
5677,99529,2026-08-23,13276,Budget
5678,99532,2026-08-30,6431,Standard
5679,99542,2026-08-06,4103,Standard
5680,99603,2026-08-11,11667,Standard
5681,99619,2026-08-12,13828,Budget
5682,99630,2026-08-26,6803,Budget
5683,99652,2026-08-05,10115,Premium
5684,99654,2026-08-15,13666,Premium
5685,99683,2026-08-21,11787,Budget
5686,99696,2026-08-13,13564,Standard
5687,99783,2026-08-28,4653,Budget
5688,99786,2026-08-21,3742,Premium
5689,99841,2026-08-07,5026,Budget
5690,99845,2026-08-10,8196,Luxury
5691,99866,2026-08-31,14428,Standard
5692,99870,2026-08-07,14802,Standard
5693,99880,2026-08-08,7461,Premium
5694,99886,2026-08-04,7771,Standard
5695,99907,2026-08-30,3588,Standard
5696,99915,2026-08-13,4668,Premium
5697,99918,2026-09-01,6128,Budget
5698,99951,2026-08-13,3263,Budget
5699,99994,2026-08-12,2063,Budget
